 Al Density=2.6989 Thickness=0.2 microns
 Photon energy (eV), Transmission
    100.00      2.98163E-03
    109.91      2.27035E-03
    119.82      1.82292E-03
    129.73      2.07437E-03
    139.64      3.09656E-03
    149.55      4.39315E-03
    159.46      6.44589E-03
    169.37      9.08858E-03
    179.28      1.25577E-02
    189.19      2.05435E-02
    199.10      3.12659E-02
    209.01      4.48651E-02
    218.92      6.11724E-02
    228.83      7.84435E-02
    238.74      9.59119E-02
    248.65      0.11459    
    258.56      0.13424    
    268.47      0.15529    
    278.38      0.18270    
    288.29      0.21088    
    298.20      0.23946    
    308.11      0.26812    
    318.02      0.29659    
    327.93      0.32467    
    337.84      0.35217    
    347.75      0.37897    
    357.66      0.40496    
    367.57      0.42803    
    377.48      0.44985    
    387.39      0.47086    
    397.30      0.49104    
    407.21      0.51040    
    417.12      0.52896    
    427.03      0.54674    
    436.94      0.56406    
    446.85      0.58160    
    456.76      0.59849    
    466.67      0.61460    
    476.58      0.62995    
    486.49      0.64458    
    496.40      0.65858    
    506.31      0.67209    
    516.22      0.68510    
    526.13      0.69749    
    536.04      0.70923    
    545.95      0.72038    
    555.86      0.73107    
    565.77      0.74143    
    575.68      0.75141    
    585.59      0.76098    
    595.50      0.77010    
    605.41      0.77879    
    615.32      0.78706    
    625.23      0.79495    
    635.14      0.80257    
    645.05      0.81002    
    654.95      0.81724    
    664.86      0.82416    
    674.77      0.83053    
    684.68      0.83629    
    694.59      0.84161    
    704.50      0.84671    
    714.41      0.85177    
    724.32      0.85675    
    734.23      0.86151    
    744.14      0.86607    
    754.05      0.87043    
    763.96      0.87461    
    773.87      0.87862    
    783.78      0.88248    
    793.69      0.88620    
    803.60      0.88977    
    813.51      0.89320    
    823.42      0.89648    
    833.33      0.89963    
    843.24      0.90266    
    853.15      0.90557    
    863.06      0.90836    
    872.97      0.91105    
    882.88      0.91364    
    892.79      0.91612    
    902.70      0.91851    
    912.61      0.92082    
    922.52      0.92303    
    932.43      0.92517    
    942.34      0.92723    
    952.25      0.92922    
    962.16      0.93113    
    972.07      0.93297    
    981.98      0.93475    
    991.89      0.93647    
    1001.8      0.93812    
    1011.7      0.93971    
    1021.6      0.94122    
    1031.5      0.94266    
    1041.4      0.94408    
    1051.4      0.94546    
    1061.3      0.94682    
    1071.2      0.94813    
    1081.1      0.94940    
    1091.0      0.95063    
    1100.9      0.95182    
    1110.8      0.95297    
    1120.7      0.95408    
    1130.6      0.95516    
    1140.5      0.95620    
    1150.5      0.95721    
    1160.4      0.95819    
    1170.3      0.95914    
    1180.2      0.96006    
    1190.1      0.96096    
    1200.0      0.96182    
    1209.9      0.96266    
    1219.8      0.96348    
    1229.7      0.96427    
    1239.6      0.96504    
    1249.5      0.96578    
    1259.5      0.96650    
    1269.4      0.96719    
    1279.3      0.96787    
    1289.2      0.96852    
    1299.1      0.96915    
    1309.0      0.96977    
    1318.9      0.97037    
    1328.8      0.97095    
    1338.7      0.97152    
    1348.6      0.97207    
    1358.6      0.97261    
    1368.5      0.97314    
    1378.4      0.97365    
    1388.3      0.97415    
    1398.2      0.97463    
    1408.1      0.97511    
    1418.0      0.97557    
    1427.9      0.97602    
    1437.8      0.97646    
    1447.7      0.97688    
    1457.7      0.97730    
    1467.6      0.97771    
    1477.5      0.97812    
    1487.4      0.97851    
    1497.3      0.97891    
    1507.2      0.97931    
    1517.1      0.97969    
    1527.0      0.98007    
    1536.9      0.98044    
    1546.8      0.98081    
    1556.8      0.98116    
    1566.7      0.80051    
    1576.6      0.80315    
    1586.5      0.80574    
    1596.4      0.80829    
    1606.3      0.81079    
    1616.2      0.81325    
    1626.1      0.81566    
    1636.0      0.81803    
    1645.9      0.82036    
    1655.9      0.82265    
    1665.8      0.82491    
    1675.7      0.82712    
    1685.6      0.82929    
    1695.5      0.83143    
    1705.4      0.83353    
    1715.3      0.83560    
    1725.2      0.83763    
    1735.1      0.83969    
    1745.0      0.84172    
    1755.0      0.84371    
    1764.9      0.84569    
    1774.8      0.84764    
    1784.7      0.84956    
    1794.6      0.85145    
    1804.5      0.85331    
    1814.4      0.85514    
    1824.3      0.85694    
    1834.2      0.85872    
    1844.1      0.86046    
    1854.1      0.86217    
    1864.0      0.86385    
    1873.9      0.86551    
    1883.8      0.86714    
    1893.7      0.86874    
    1903.6      0.87032    
    1913.5      0.87187    
    1923.4      0.87339    
    1933.3      0.87490    
    1943.2      0.87637    
    1953.2      0.87783    
    1963.1      0.87926    
    1973.0      0.88066    
    1982.9      0.88205    
    1992.8      0.88341    
    2002.7      0.88473    
    2012.6      0.88603    
    2022.5      0.88731    
    2032.4      0.88861    
    2042.3      0.88990    
    2052.3      0.89117    
    2062.2      0.89242    
    2072.1      0.89366    
    2082.0      0.89488    
    2091.9      0.89608    
    2101.8      0.89726    
    2111.7      0.89843    
    2121.6      0.89958    
    2131.5      0.90072    
    2141.4      0.90183    
    2151.4      0.90294    
    2161.3      0.90402    
    2171.2      0.90510    
    2181.1      0.90615    
    2191.0      0.90719    
    2200.9      0.90822    
    2210.8      0.90924    
    2220.7      0.91023    
    2230.6      0.91122    
    2240.5      0.91219    
    2250.5      0.91315    
    2260.4      0.91409    
    2270.3      0.91502    
    2280.2      0.91594    
    2290.1      0.91685    
    2300.0      0.91774    
    2309.9      0.91863    
    2319.8      0.91950    
    2329.7      0.92035    
    2339.6      0.92120    
    2349.5      0.92203    
    2359.5      0.92286    
    2369.4      0.92367    
    2379.3      0.92447    
    2389.2      0.92527    
    2399.1      0.92605    
    2409.0      0.92681    
    2418.9      0.92757    
    2428.8      0.92832    
    2438.7      0.92906    
    2448.6      0.92979    
    2458.6      0.93051    
    2468.5      0.93123    
    2478.4      0.93193    
    2488.3      0.93262    
    2498.2      0.93330    
    2508.1      0.93398    
    2518.0      0.93465    
    2527.9      0.93530    
    2537.8      0.93595    
    2547.7      0.93659    
    2557.7      0.93723    
    2567.6      0.93785    
    2577.5      0.93846    
    2587.4      0.93907    
    2597.3      0.93967    
    2607.2      0.94027    
    2617.1      0.94085    
    2627.0      0.94143    
    2636.9      0.94200    
    2646.8      0.94257    
    2656.8      0.94312    
    2666.7      0.94367    
    2676.6      0.94421    
    2686.5      0.94475    
    2696.4      0.94528    
    2706.3      0.94580    
    2716.2      0.94632    
    2726.1      0.94683    
    2736.0      0.94733    
    2745.9      0.94783    
    2755.9      0.94832    
    2765.8      0.94881    
    2775.7      0.94929    
    2785.6      0.94976    
    2795.5      0.95023    
    2805.4      0.95069    
    2815.3      0.95115    
    2825.2      0.95160    
    2835.1      0.95205    
    2845.0      0.95249    
    2855.0      0.95292    
    2864.9      0.95335    
    2874.8      0.95378    
    2884.7      0.95420    
    2894.6      0.95461    
    2904.5      0.95503    
    2914.4      0.95543    
    2924.3      0.95583    
    2934.2      0.95623    
    2944.1      0.95662    
    2954.1      0.95701    
    2964.0      0.95739    
    2973.9      0.95777    
    2983.8      0.95814    
    2993.7      0.95851    
    3003.6      0.95887    
    3013.5      0.95924    
    3023.4      0.95959    
    3033.3      0.95995    
    3043.2      0.96029    
    3053.2      0.96064    
    3063.1      0.96098    
    3073.0      0.96132    
    3082.9      0.96165    
    3092.8      0.96198    
    3102.7      0.96231    
    3112.6      0.96263    
    3122.5      0.96295    
    3132.4      0.96326    
    3142.3      0.96357    
    3152.3      0.96388    
    3162.2      0.96419    
    3172.1      0.96449    
    3182.0      0.96479    
    3191.9      0.96508    
    3201.8      0.96537    
    3211.7      0.96566    
    3221.6      0.96595    
    3231.5      0.96623    
    3241.4      0.96651    
    3251.4      0.96678    
    3261.3      0.96706    
    3271.2      0.96733    
    3281.1      0.96759    
    3291.0      0.96786    
    3300.9      0.96812    
    3310.8      0.96838    
    3320.7      0.96863    
    3330.6      0.96889    
    3340.5      0.96914    
    3350.5      0.96939    
    3360.4      0.96963    
    3370.3      0.96988    
    3380.2      0.97012    
    3390.1      0.97035    
    3400.0      0.97059    
    3409.9      0.97082    
    3419.8      0.97105    
    3429.7      0.97128    
    3439.6      0.97151    
    3449.5      0.97173    
    3459.5      0.97195    
    3469.4      0.97217    
    3479.3      0.97239    
    3489.2      0.97260    
    3499.1      0.97281    
    3509.0      0.97302    
    3518.9      0.97323    
    3528.8      0.97344    
    3538.7      0.97364    
    3548.6      0.97384    
    3558.6      0.97404    
    3568.5      0.97424    
    3578.4      0.97444    
    3588.3      0.97463    
    3598.2      0.97482    
    3608.1      0.97501    
    3618.0      0.97520    
    3627.9      0.97539    
    3637.8      0.97557    
    3647.7      0.97575    
    3657.7      0.97593    
    3667.6      0.97611    
    3677.5      0.97629    
    3687.4      0.97647    
    3697.3      0.97664    
    3707.2      0.97681    
    3717.1      0.97698    
    3727.0      0.97715    
    3736.9      0.97732    
    3746.8      0.97748    
    3756.8      0.97765    
    3766.7      0.97781    
    3776.6      0.97797    
    3786.5      0.97813    
    3796.4      0.97829    
    3806.3      0.97844    
    3816.2      0.97860    
    3826.1      0.97875    
    3836.0      0.97890    
    3845.9      0.97906    
    3855.9      0.97920    
    3865.8      0.97935    
    3875.7      0.97950    
    3885.6      0.97964    
    3895.5      0.97979    
    3905.4      0.97993    
    3915.3      0.98007    
    3925.2      0.98021    
    3935.1      0.98035    
    3945.0      0.98049    
    3955.0      0.98062    
    3964.9      0.98076    
    3974.8      0.98089    
    3984.7      0.98102    
    3994.6      0.98115    
    4004.5      0.98128    
    4014.4      0.98141    
    4024.3      0.98154    
    4034.2      0.98166    
    4044.1      0.98179    
    4054.1      0.98191    
    4064.0      0.98204    
    4073.9      0.98216    
    4083.8      0.98228    
    4093.7      0.98240    
    4103.6      0.98252    
    4113.5      0.98264    
    4123.4      0.98275    
    4133.3      0.98287    
    4143.2      0.98298    
    4153.2      0.98310    
    4163.1      0.98321    
    4173.0      0.98332    
    4182.9      0.98343    
    4192.8      0.98354    
    4202.7      0.98365    
    4212.6      0.98376    
    4222.5      0.98386    
    4232.4      0.98397    
    4242.3      0.98407    
    4252.3      0.98418    
    4262.2      0.98428    
    4272.1      0.98438    
    4282.0      0.98448    
    4291.9      0.98458    
    4301.8      0.98468    
    4311.7      0.98478    
    4321.6      0.98488    
    4331.5      0.98498    
    4341.4      0.98507    
    4351.4      0.98517    
    4361.3      0.98526    
    4371.2      0.98536    
    4381.1      0.98545    
    4391.0      0.98554    
    4400.9      0.98563    
    4410.8      0.98572    
    4420.7      0.98581    
    4430.6      0.98590    
    4440.5      0.98599    
    4450.5      0.98608    
    4460.4      0.98617    
    4470.3      0.98625    
    4480.2      0.98634    
    4490.1      0.98642    
    4500.0      0.98651    
    4509.9      0.98659    
    4519.8      0.98667    
    4529.7      0.98676    
    4539.6      0.98684    
    4549.5      0.98692    
    4559.5      0.98700    
    4569.4      0.98708    
    4579.3      0.98716    
    4589.2      0.98724    
    4599.1      0.98731    
    4609.0      0.98739    
    4618.9      0.98747    
    4628.8      0.98754    
    4638.7      0.98762    
    4648.6      0.98769    
    4658.6      0.98777    
    4668.5      0.98784    
    4678.4      0.98791    
    4688.3      0.98798    
    4698.2      0.98806    
    4708.1      0.98813    
    4718.0      0.98820    
    4727.9      0.98827    
    4737.8      0.98834    
    4747.7      0.98841    
    4757.7      0.98847    
    4767.6      0.98854    
    4777.5      0.98861    
    4787.4      0.98868    
    4797.3      0.98874    
    4807.2      0.98881    
    4817.1      0.98887    
    4827.0      0.98894    
    4836.9      0.98900    
    4846.8      0.98907    
    4856.8      0.98913    
    4866.7      0.98919    
    4876.6      0.98925    
    4886.5      0.98932    
    4896.4      0.98938    
    4906.3      0.98944    
    4916.2      0.98950    
    4926.1      0.98956    
    4936.0      0.98962    
    4945.9      0.98968    
    4955.9      0.98974    
    4965.8      0.98979    
    4975.7      0.98985    
    4985.6      0.98991    
    4995.5      0.98997    
    5005.4      0.99002    
    5015.3      0.99008    
    5025.2      0.99013    
    5035.1      0.99019    
    5045.0      0.99024    
    5055.0      0.99030    
    5064.9      0.99035    
    5074.8      0.99041    
    5084.7      0.99046    
    5094.6      0.99051    
    5104.5      0.99056    
    5114.4      0.99062    
    5124.3      0.99067    
    5134.2      0.99072    
    5144.1      0.99077    
    5154.1      0.99082    
    5164.0      0.99087    
    5173.9      0.99092    
    5183.8      0.99097    
    5193.7      0.99102    
    5203.6      0.99107    
    5213.5      0.99112    
    5223.4      0.99117    
    5233.3      0.99121    
    5243.2      0.99126    
    5253.2      0.99131    
    5263.1      0.99135    
    5273.0      0.99140    
    5282.9      0.99145    
    5292.8      0.99149    
    5302.7      0.99154    
    5312.6      0.99158    
    5322.5      0.99163    
    5332.4      0.99167    
    5342.3      0.99172    
    5352.3      0.99176    
    5362.2      0.99180    
    5372.1      0.99185    
    5382.0      0.99189    
    5391.9      0.99193    
    5401.8      0.99197    
    5411.7      0.99202    
    5421.6      0.99206    
    5431.5      0.99210    
    5441.4      0.99214    
    5451.4      0.99218    
    5461.3      0.99222    
    5471.2      0.99226    
    5481.1      0.99230    
    5491.0      0.99234    
    5500.9      0.99238    
    5510.8      0.99242    
    5520.7      0.99246    
    5530.6      0.99250    
    5540.5      0.99254    
    5550.5      0.99258    
    5560.4      0.99261    
    5570.3      0.99265    
    5580.2      0.99269    
    5590.1      0.99273    
    5600.0      0.99276    
    5609.9      0.99280    
    5619.8      0.99284    
    5629.7      0.99287    
    5639.6      0.99291    
    5649.5      0.99294    
    5659.5      0.99298    
    5669.4      0.99301    
    5679.3      0.99305    
    5689.2      0.99308    
    5699.1      0.99312    
    5709.0      0.99315    
    5718.9      0.99319    
    5728.8      0.99322    
    5738.7      0.99325    
    5748.6      0.99329    
    5758.6      0.99332    
    5768.5      0.99335    
    5778.4      0.99339    
    5788.3      0.99342    
    5798.2      0.99345    
    5808.1      0.99348    
    5818.0      0.99351    
    5827.9      0.99355    
    5837.8      0.99358    
    5847.7      0.99361    
    5857.7      0.99364    
    5867.6      0.99367    
    5877.5      0.99370    
    5887.4      0.99373    
    5897.3      0.99376    
    5907.2      0.99379    
    5917.1      0.99382    
    5927.0      0.99385    
    5936.9      0.99388    
    5946.8      0.99391    
    5956.8      0.99394    
    5966.7      0.99397    
    5976.6      0.99400    
    5986.5      0.99403    
    5996.4      0.99405    
    6006.3      0.99408    
    6016.2      0.99411    
    6026.1      0.99414    
    6036.0      0.99417    
    6045.9      0.99419    
    6055.9      0.99422    
    6065.8      0.99425    
    6075.7      0.99428    
    6085.6      0.99430    
    6095.5      0.99433    
    6105.4      0.99436    
    6115.3      0.99438    
    6125.2      0.99441    
    6135.1      0.99443    
    6145.0      0.99446    
    6155.0      0.99449    
    6164.9      0.99451    
    6174.8      0.99454    
    6184.7      0.99456    
    6194.6      0.99459    
    6204.5      0.99461    
    6214.4      0.99464    
    6224.3      0.99466    
    6234.2      0.99469    
    6244.1      0.99471    
    6254.1      0.99473    
    6264.0      0.99476    
    6273.9      0.99478    
    6283.8      0.99481    
    6293.7      0.99483    
    6303.6      0.99485    
    6313.5      0.99488    
    6323.4      0.99490    
    6333.3      0.99492    
    6343.2      0.99495    
    6353.2      0.99497    
    6363.1      0.99499    
    6373.0      0.99501    
    6382.9      0.99504    
    6392.8      0.99506    
    6402.7      0.99508    
    6412.6      0.99510    
    6422.5      0.99512    
    6432.4      0.99515    
    6442.3      0.99517    
    6452.3      0.99519    
    6462.2      0.99521    
    6472.1      0.99523    
    6482.0      0.99525    
    6491.9      0.99527    
    6501.8      0.99529    
    6511.7      0.99532    
    6521.6      0.99534    
    6531.5      0.99536    
    6541.4      0.99538    
    6551.4      0.99540    
    6561.3      0.99542    
    6571.2      0.99544    
    6581.1      0.99546    
    6591.0      0.99548    
    6600.9      0.99550    
    6610.8      0.99552    
    6620.7      0.99554    
    6630.6      0.99555    
    6640.5      0.99557    
    6650.5      0.99559    
    6660.4      0.99561    
    6670.3      0.99563    
    6680.2      0.99565    
    6690.1      0.99567    
    6700.0      0.99569    
    6709.9      0.99571    
    6719.8      0.99572    
    6729.7      0.99574    
    6739.6      0.99576    
    6749.5      0.99578    
    6759.5      0.99580    
    6769.4      0.99581    
    6779.3      0.99583    
    6789.2      0.99585    
    6799.1      0.99587    
    6809.0      0.99588    
    6818.9      0.99590    
    6828.8      0.99592    
    6838.7      0.99594    
    6848.6      0.99595    
    6858.6      0.99597    
    6868.5      0.99599    
    6878.4      0.99600    
    6888.3      0.99602    
    6898.2      0.99604    
    6908.1      0.99605    
    6918.0      0.99607    
    6927.9      0.99609    
    6937.8      0.99610    
    6947.7      0.99612    
    6957.7      0.99613    
    6967.6      0.99615    
    6977.5      0.99617    
    6987.4      0.99618    
    6997.3      0.99620    
    7007.2      0.99621    
    7017.1      0.99623    
    7027.0      0.99624    
    7036.9      0.99626    
    7046.8      0.99627    
    7056.8      0.99629    
    7066.7      0.99631    
    7076.6      0.99632    
    7086.5      0.99634    
    7096.4      0.99635    
    7106.3      0.99636    
    7116.2      0.99638    
    7126.1      0.99639    
    7136.0      0.99641    
    7145.9      0.99642    
    7155.9      0.99644    
    7165.8      0.99645    
    7175.7      0.99647    
    7185.6      0.99648    
    7195.5      0.99649    
    7205.4      0.99651    
    7215.3      0.99652    
    7225.2      0.99654    
    7235.1      0.99655    
    7245.0      0.99656    
    7255.0      0.99658    
    7264.9      0.99659    
    7274.8      0.99660    
    7284.7      0.99662    
    7294.6      0.99663    
    7304.5      0.99664    
    7314.4      0.99666    
    7324.3      0.99667    
    7334.2      0.99668    
    7344.1      0.99670    
    7354.1      0.99671    
    7364.0      0.99672    
    7373.9      0.99674    
    7383.8      0.99675    
    7393.7      0.99676    
    7403.6      0.99677    
    7413.5      0.99679    
    7423.4      0.99680    
    7433.3      0.99681    
    7443.2      0.99682    
    7453.2      0.99684    
    7463.1      0.99685    
    7473.0      0.99686    
    7482.9      0.99687    
    7492.8      0.99688    
    7502.7      0.99690    
    7512.6      0.99691    
    7522.5      0.99692    
    7532.4      0.99693    
    7542.3      0.99694    
    7552.3      0.99696    
    7562.2      0.99697    
    7572.1      0.99698    
    7582.0      0.99699    
    7591.9      0.99700    
    7601.8      0.99701    
    7611.7      0.99702    
    7621.6      0.99704    
    7631.5      0.99705    
    7641.4      0.99706    
    7651.4      0.99707    
    7661.3      0.99708    
    7671.2      0.99709    
    7681.1      0.99710    
    7691.0      0.99711    
    7700.9      0.99712    
    7710.8      0.99713    
    7720.7      0.99715    
    7730.6      0.99716    
    7740.5      0.99717    
    7750.5      0.99718    
    7760.4      0.99719    
    7770.3      0.99720    
    7780.2      0.99721    
    7790.1      0.99722    
    7800.0      0.99723    
    7809.9      0.99724    
    7819.8      0.99725    
    7829.7      0.99726    
    7839.6      0.99727    
    7849.5      0.99728    
    7859.5      0.99729    
    7869.4      0.99730    
    7879.3      0.99731    
    7889.2      0.99732    
    7899.1      0.99733    
    7909.0      0.99734    
    7918.9      0.99735    
    7928.8      0.99736    
    7938.7      0.99737    
    7948.6      0.99738    
    7958.6      0.99739    
    7968.5      0.99740    
    7978.4      0.99741    
    7988.3      0.99742    
    7998.2      0.99743    
    8008.1      0.99743    
    8018.0      0.99744    
    8027.9      0.99745    
    8037.8      0.99746    
    8047.7      0.99747    
    8057.7      0.99748    
    8067.6      0.99749    
    8077.5      0.99750    
    8087.4      0.99751    
    8097.3      0.99752    
    8107.2      0.99753    
    8117.1      0.99753    
    8127.0      0.99754    
    8136.9      0.99755    
    8146.8      0.99756    
    8156.8      0.99757    
    8166.7      0.99758    
    8176.6      0.99759    
    8186.5      0.99759    
    8196.4      0.99760    
    8206.3      0.99761    
    8216.2      0.99762    
    8226.1      0.99763    
    8236.0      0.99764    
    8245.9      0.99765    
    8255.9      0.99765    
    8265.8      0.99766    
    8275.7      0.99767    
    8285.6      0.99768    
    8295.5      0.99769    
    8305.4      0.99769    
    8315.3      0.99770    
    8325.2      0.99771    
    8335.1      0.99772    
    8345.0      0.99773    
    8355.0      0.99773    
    8364.9      0.99774    
    8374.8      0.99775    
    8384.7      0.99776    
    8394.6      0.99777    
    8404.5      0.99777    
    8414.4      0.99778    
    8424.3      0.99779    
    8434.2      0.99780    
    8444.1      0.99780    
    8454.1      0.99781    
    8464.0      0.99782    
    8473.9      0.99783    
    8483.8      0.99783    
    8493.7      0.99784    
    8503.6      0.99785    
    8513.5      0.99786    
    8523.4      0.99786    
    8533.3      0.99787    
    8543.2      0.99788    
    8553.2      0.99788    
    8563.1      0.99789    
    8573.0      0.99790    
    8582.9      0.99791    
    8592.8      0.99791    
    8602.7      0.99792    
    8612.6      0.99793    
    8622.5      0.99793    
    8632.4      0.99794    
    8642.3      0.99795    
    8652.3      0.99795    
    8662.2      0.99796    
    8672.1      0.99797    
    8682.0      0.99798    
    8691.9      0.99798    
    8701.8      0.99799    
    8711.7      0.99800    
    8721.6      0.99800    
    8731.5      0.99801    
    8741.4      0.99802    
    8751.4      0.99802    
    8761.3      0.99803    
    8771.2      0.99804    
    8781.1      0.99804    
    8791.0      0.99805    
    8800.9      0.99805    
    8810.8      0.99806    
    8820.7      0.99807    
    8830.6      0.99807    
    8840.5      0.99808    
    8850.5      0.99809    
    8860.4      0.99809    
    8870.3      0.99810    
    8880.2      0.99811    
    8890.1      0.99811    
    8900.0      0.99812    
    8909.9      0.99812    
    8919.8      0.99813    
    8929.7      0.99814    
    8939.6      0.99814    
    8949.5      0.99815    
    8959.5      0.99815    
    8969.4      0.99816    
    8979.3      0.99817    
    8989.2      0.99817    
    8999.1      0.99818    
    9009.0      0.99818    
    9018.9      0.99819    
    9028.8      0.99820    
    9038.7      0.99820    
    9048.6      0.99821    
    9058.6      0.99821    
    9068.5      0.99822    
    9078.4      0.99822    
    9088.3      0.99823    
    9098.2      0.99824    
    9108.1      0.99824    
    9118.0      0.99825    
    9127.9      0.99825    
    9137.8      0.99826    
    9147.7      0.99826    
    9157.7      0.99827    
    9167.6      0.99827    
    9177.5      0.99828    
    9187.4      0.99829    
    9197.3      0.99829    
    9207.2      0.99830    
    9217.1      0.99830    
    9227.0      0.99831    
    9236.9      0.99831    
    9246.8      0.99832    
    9256.8      0.99832    
    9266.7      0.99833    
    9276.6      0.99833    
    9286.5      0.99834    
    9296.4      0.99834    
    9306.3      0.99835    
    9316.2      0.99835    
    9326.1      0.99836    
    9336.0      0.99836    
    9345.9      0.99837    
    9355.9      0.99837    
    9365.8      0.99838    
    9375.7      0.99838    
    9385.6      0.99839    
    9395.5      0.99839    
    9405.4      0.99840    
    9415.3      0.99840    
    9425.2      0.99841    
    9435.1      0.99841    
    9445.0      0.99842    
    9455.0      0.99842    
    9464.9      0.99843    
    9474.8      0.99843    
    9484.7      0.99844    
    9494.6      0.99844    
    9504.5      0.99845    
    9514.4      0.99845    
    9524.3      0.99846    
    9534.2      0.99846    
    9544.1      0.99847    
    9554.1      0.99847    
    9564.0      0.99848    
    9573.9      0.99848    
    9583.8      0.99849    
    9593.7      0.99849    
    9603.6      0.99850    
    9613.5      0.99850    
    9623.4      0.99850    
    9633.3      0.99851    
    9643.2      0.99851    
    9653.2      0.99852    
    9663.1      0.99852    
    9673.0      0.99853    
    9682.9      0.99853    
    9692.8      0.99854    
    9702.7      0.99854    
    9712.6      0.99854    
    9722.5      0.99855    
    9732.4      0.99855    
    9742.3      0.99856    
    9752.3      0.99856    
    9762.2      0.99857    
    9772.1      0.99857    
    9782.0      0.99857    
    9791.9      0.99858    
    9801.8      0.99858    
    9811.7      0.99859    
    9821.6      0.99859    
    9831.5      0.99860    
    9841.4      0.99860    
    9851.4      0.99860    
    9861.3      0.99861    
    9871.2      0.99861    
    9881.1      0.99862    
    9891.0      0.99862    
    9900.9      0.99862    
    9910.8      0.99863    
    9920.7      0.99863    
    9930.6      0.99864    
    9940.5      0.99864    
    9950.5      0.99864    
    9960.4      0.99865    
    9970.3      0.99865    
    9980.2      0.99866    
    9990.1      0.99866    
    10000.      0.99866    