 C22H10N2O5 Density=1.43 Thickness=0.15 microns
 Photon energy (eV), Transmission
    100.00      0.47653    
    109.91      0.54641    
    119.82      0.60556    
    129.73      0.65539    
    139.64      0.69818    
    149.55      0.73432    
    159.46      0.76488    
    169.37      0.79106    
    179.28      0.81345    
    189.19      0.83530    
    199.10      0.85539    
    209.01      0.87240    
    218.92      0.88687    
    228.83      0.89901    
    238.74      0.90940    
    248.65      0.91819    
    258.56      0.92665    
    268.47      0.93398    
    278.38      0.94036    
    288.29      0.46208    
    298.20      0.48874    
    308.11      0.51399    
    318.02      0.53788    
    327.93      0.56045    
    337.84      0.58174    
    347.75      0.60179    
    357.66      0.62068    
    367.57      0.63847    
    377.48      0.65542    
    387.39      0.67261    
    397.30      0.68903    
    407.21      0.70443    
    417.12      0.68748    
    427.03      0.70209    
    436.94      0.71585    
    446.85      0.72881    
    456.76      0.74101    
    466.67      0.75252    
    476.58      0.76338    
    486.49      0.77364    
    496.40      0.78347    
    506.31      0.79275    
    516.22      0.80151    
    526.13      0.80979    
    536.04      0.81762    
    545.95      0.75418    
    555.86      0.76355    
    565.77      0.77248    
    575.68      0.78098    
    585.59      0.78906    
    595.50      0.79674    
    605.41      0.80406    
    615.32      0.81103    
    625.23      0.81768    
    635.14      0.82406    
    645.05      0.83021    
    654.95      0.83614    
    664.86      0.84180    
    674.77      0.84711    
    684.68      0.85202    
    694.59      0.85662    
    704.50      0.86106    
    714.41      0.86556    
    724.32      0.87003    
    734.23      0.87430    
    744.14      0.87839    
    754.05      0.88230    
    763.96      0.88605    
    773.87      0.88965    
    783.78      0.89314    
    793.69      0.89649    
    803.60      0.89971    
    813.51      0.90280    
    823.42      0.90576    
    833.33      0.90861    
    843.24      0.91133    
    853.15      0.91393    
    863.06      0.91643    
    872.97      0.91881    
    882.88      0.92111    
    892.79      0.92331    
    902.70      0.92543    
    912.61      0.92748    
    922.52      0.92945    
    932.43      0.93138    
    942.34      0.93325    
    952.25      0.93505    
    962.16      0.93680    
    972.07      0.93848    
    981.98      0.94011    
    991.89      0.94168    
    1001.8      0.94319    
    1011.7      0.94464    
    1021.6      0.94605    
    1031.5      0.94740    
    1041.4      0.94872    
    1051.4      0.95000    
    1061.3      0.95124    
    1071.2      0.95245    
    1081.1      0.95361    
    1091.0      0.95474    
    1100.9      0.95583    
    1110.8      0.95688    
    1120.7      0.95790    
    1130.6      0.95889    
    1140.5      0.95985    
    1150.5      0.96078    
    1160.4      0.96168    
    1170.3      0.96255    
    1180.2      0.96339    
    1190.1      0.96421    
    1200.0      0.96501    
    1209.9      0.96578    
    1219.8      0.96652    
    1229.7      0.96725    
    1239.6      0.96796    
    1249.5      0.96865    
    1259.5      0.96932    
    1269.4      0.96997    
    1279.3      0.97061    
    1289.2      0.97123    
    1299.1      0.97184    
    1309.0      0.97242    
    1318.9      0.97299    
    1328.8      0.97355    
    1338.7      0.97409    
    1348.6      0.97461    
    1358.6      0.97512    
    1368.5      0.97562    
    1378.4      0.97610    
    1388.3      0.97657    
    1398.2      0.97703    
    1408.1      0.97748    
    1418.0      0.97791    
    1427.9      0.97834    
    1437.8      0.97875    
    1447.7      0.97915    
    1457.7      0.97954    
    1467.6      0.97993    
    1477.5      0.98030    
    1487.4      0.98066    
    1497.3      0.98102    
    1507.2      0.98137    
    1517.1      0.98171    
    1527.0      0.98204    
    1536.9      0.98237    
    1546.8      0.98268    
    1556.8      0.98299    
    1566.7      0.98330    
    1576.6      0.98359    
    1586.5      0.98388    
    1596.4      0.98416    
    1606.3      0.98443    
    1616.2      0.98470    
    1626.1      0.98496    
    1636.0      0.98522    
    1645.9      0.98547    
    1655.9      0.98571    
    1665.8      0.98595    
    1675.7      0.98619    
    1685.6      0.98641    
    1695.5      0.98664    
    1705.4      0.98686    
    1715.3      0.98707    
    1725.2      0.98728    
    1735.1      0.98748    
    1745.0      0.98769    
    1755.0      0.98788    
    1764.9      0.98808    
    1774.8      0.98826    
    1784.7      0.98845    
    1794.6      0.98863    
    1804.5      0.98881    
    1814.4      0.98898    
    1824.3      0.98915    
    1834.2      0.98932    
    1844.1      0.98948    
    1854.1      0.98964    
    1864.0      0.98980    
    1873.9      0.98996    
    1883.8      0.99011    
    1893.7      0.99025    
    1903.6      0.99040    
    1913.5      0.99054    
    1923.4      0.99068    
    1933.3      0.99081    
    1943.2      0.99095    
    1953.2      0.99108    
    1963.1      0.99121    
    1973.0      0.99133    
    1982.9      0.99146    
    1992.8      0.99158    
    2002.7      0.99170    
    2012.6      0.99181    
    2022.5      0.99193    
    2032.4      0.99204    
    2042.3      0.99215    
    2052.3      0.99226    
    2062.2      0.99236    
    2072.1      0.99247    
    2082.0      0.99257    
    2091.9      0.99267    
    2101.8      0.99277    
    2111.7      0.99287    
    2121.6      0.99297    
    2131.5      0.99306    
    2141.4      0.99315    
    2151.4      0.99324    
    2161.3      0.99333    
    2171.2      0.99342    
    2181.1      0.99351    
    2191.0      0.99359    
    2200.9      0.99367    
    2210.8      0.99376    
    2220.7      0.99384    
    2230.6      0.99392    
    2240.5      0.99399    
    2250.5      0.99407    
    2260.4      0.99414    
    2270.3      0.99422    
    2280.2      0.99429    
    2290.1      0.99436    
    2300.0      0.99443    
    2309.9      0.99450    
    2319.8      0.99457    
    2329.7      0.99464    
    2339.6      0.99470    
    2349.5      0.99477    
    2359.5      0.99483    
    2369.4      0.99489    
    2379.3      0.99496    
    2389.2      0.99502    
    2399.1      0.99508    
    2409.0      0.99513    
    2418.9      0.99519    
    2428.8      0.99525    
    2438.7      0.99531    
    2448.6      0.99536    
    2458.6      0.99541    
    2468.5      0.99547    
    2478.4      0.99552    
    2488.3      0.99557    
    2498.2      0.99562    
    2508.1      0.99567    
    2518.0      0.99572    
    2527.9      0.99577    
    2537.8      0.99582    
    2547.7      0.99587    
    2557.7      0.99591    
    2567.6      0.99596    
    2577.5      0.99601    
    2587.4      0.99605    
    2597.3      0.99609    
    2607.2      0.99614    
    2617.1      0.99618    
    2627.0      0.99622    
    2636.9      0.99626    
    2646.8      0.99631    
    2656.8      0.99635    
    2666.7      0.99639    
    2676.6      0.99642    
    2686.5      0.99646    
    2696.4      0.99650    
    2706.3      0.99654    
    2716.2      0.99658    
    2726.1      0.99661    
    2736.0      0.99665    
    2745.9      0.99668    
    2755.9      0.99672    
    2765.8      0.99675    
    2775.7      0.99679    
    2785.6      0.99682    
    2795.5      0.99685    
    2805.4      0.99689    
    2815.3      0.99692    
    2825.2      0.99695    
    2835.1      0.99698    
    2845.0      0.99701    
    2855.0      0.99704    
    2864.9      0.99707    
    2874.8      0.99710    
    2884.7      0.99713    
    2894.6      0.99716    
    2904.5      0.99719    
    2914.4      0.99722    
    2924.3      0.99724    
    2934.2      0.99727    
    2944.1      0.99730    
    2954.1      0.99733    
    2964.0      0.99735    
    2973.9      0.99738    
    2983.8      0.99740    
    2993.7      0.99743    
    3003.6      0.99745    
    3013.5      0.99748    
    3023.4      0.99750    
    3033.3      0.99753    
    3043.2      0.99755    
    3053.2      0.99757    
    3063.1      0.99760    
    3073.0      0.99762    
    3082.9      0.99764    
    3092.8      0.99767    
    3102.7      0.99769    
    3112.6      0.99771    
    3122.5      0.99773    
    3132.4      0.99775    
    3142.3      0.99777    
    3152.3      0.99779    
    3162.2      0.99781    
    3172.1      0.99784    
    3182.0      0.99786    
    3191.9      0.99787    
    3201.8      0.99789    
    3211.7      0.99791    
    3221.6      0.99793    
    3231.5      0.99795    
    3241.4      0.99797    
    3251.4      0.99799    
    3261.3      0.99801    
    3271.2      0.99802    
    3281.1      0.99804    
    3291.0      0.99806    
    3300.9      0.99808    
    3310.8      0.99809    
    3320.7      0.99811    
    3330.6      0.99813    
    3340.5      0.99814    
    3350.5      0.99816    
    3360.4      0.99818    
    3370.3      0.99819    
    3380.2      0.99821    
    3390.1      0.99822    
    3400.0      0.99824    
    3409.9      0.99826    
    3419.8      0.99827    
    3429.7      0.99829    
    3439.6      0.99830    
    3449.5      0.99831    
    3459.5      0.99833    
    3469.4      0.99834    
    3479.3      0.99836    
    3489.2      0.99837    
    3499.1      0.99838    
    3509.0      0.99840    
    3518.9      0.99841    
    3528.8      0.99843    
    3538.7      0.99844    
    3548.6      0.99845    
    3558.6      0.99846    
    3568.5      0.99848    
    3578.4      0.99849    
    3588.3      0.99850    
    3598.2      0.99851    
    3608.1      0.99853    
    3618.0      0.99854    
    3627.9      0.99855    
    3637.8      0.99856    
    3647.7      0.99857    
    3657.7      0.99859    
    3667.6      0.99860    
    3677.5      0.99861    
    3687.4      0.99862    
    3697.3      0.99863    
    3707.2      0.99864    
    3717.1      0.99865    
    3727.0      0.99866    
    3736.9      0.99867    
    3746.8      0.99869    
    3756.8      0.99870    
    3766.7      0.99871    
    3776.6      0.99872    
    3786.5      0.99873    
    3796.4      0.99874    
    3806.3      0.99875    
    3816.2      0.99876    
    3826.1      0.99877    
    3836.0      0.99878    
    3845.9      0.99879    
    3855.9      0.99879    
    3865.8      0.99880    
    3875.7      0.99881    
    3885.6      0.99882    
    3895.5      0.99883    
    3905.4      0.99884    
    3915.3      0.99885    
    3925.2      0.99886    
    3935.1      0.99887    
    3945.0      0.99888    
    3955.0      0.99888    
    3964.9      0.99889    
    3974.8      0.99890    
    3984.7      0.99891    
    3994.6      0.99892    
    4004.5      0.99893    
    4014.4      0.99893    
    4024.3      0.99894    
    4034.2      0.99895    
    4044.1      0.99896    
    4054.1      0.99896    
    4064.0      0.99897    
    4073.9      0.99898    
    4083.8      0.99899    
    4093.7      0.99899    
    4103.6      0.99900    
    4113.5      0.99901    
    4123.4      0.99902    
    4133.3      0.99902    
    4143.2      0.99903    
    4153.2      0.99904    
    4163.1      0.99904    
    4173.0      0.99905    
    4182.9      0.99906    
    4192.8      0.99907    
    4202.7      0.99907    
    4212.6      0.99908    
    4222.5      0.99909    
    4232.4      0.99909    
    4242.3      0.99910    
    4252.3      0.99910    
    4262.2      0.99911    
    4272.1      0.99912    
    4282.0      0.99912    
    4291.9      0.99913    
    4301.8      0.99914    
    4311.7      0.99914    
    4321.6      0.99915    
    4331.5      0.99915    
    4341.4      0.99916    
    4351.4      0.99917    
    4361.3      0.99917    
    4371.2      0.99918    
    4381.1      0.99918    
    4391.0      0.99919    
    4400.9      0.99919    
    4410.8      0.99920    
    4420.7      0.99920    
    4430.6      0.99921    
    4440.5      0.99922    
    4450.5      0.99922    
    4460.4      0.99923    
    4470.3      0.99923    
    4480.2      0.99924    
    4490.1      0.99924    
    4500.0      0.99925    
    4509.9      0.99925    
    4519.8      0.99926    
    4529.7      0.99926    
    4539.6      0.99927    
    4549.5      0.99927    
    4559.5      0.99928    
    4569.4      0.99928    
    4579.3      0.99929    
    4589.2      0.99929    
    4599.1      0.99930    
    4609.0      0.99930    
    4618.9      0.99930    
    4628.8      0.99931    
    4638.7      0.99931    
    4648.6      0.99932    
    4658.6      0.99932    
    4668.5      0.99933    
    4678.4      0.99933    
    4688.3      0.99934    
    4698.2      0.99934    
    4708.1      0.99934    
    4718.0      0.99935    
    4727.9      0.99935    
    4737.8      0.99936    
    4747.7      0.99936    
    4757.7      0.99936    
    4767.6      0.99937    
    4777.5      0.99937    
    4787.4      0.99938    
    4797.3      0.99938    
    4807.2      0.99938    
    4817.1      0.99939    
    4827.0      0.99939    
    4836.9      0.99940    
    4846.8      0.99940    
    4856.8      0.99940    
    4866.7      0.99941    
    4876.6      0.99941    
    4886.5      0.99941    
    4896.4      0.99942    
    4906.3      0.99942    
    4916.2      0.99943    
    4926.1      0.99943    
    4936.0      0.99943    
    4945.9      0.99944    
    4955.9      0.99944    
    4965.8      0.99944    
    4975.7      0.99945    
    4985.6      0.99945    
    4995.5      0.99945    
    5005.4      0.99946    
    5015.3      0.99946    
    5025.2      0.99946    
    5035.1      0.99947    
    5045.0      0.99947    
    5055.0      0.99947    
    5064.9      0.99948    
    5074.8      0.99948    
    5084.7      0.99948    
    5094.6      0.99949    
    5104.5      0.99949    
    5114.4      0.99949    
    5124.3      0.99949    
    5134.2      0.99950    
    5144.1      0.99950    
    5154.1      0.99950    
    5164.0      0.99951    
    5173.9      0.99951    
    5183.8      0.99951    
    5193.7      0.99951    
    5203.6      0.99952    
    5213.5      0.99952    
    5223.4      0.99952    
    5233.3      0.99953    
    5243.2      0.99953    
    5253.2      0.99953    
    5263.1      0.99953    
    5273.0      0.99954    
    5282.9      0.99954    
    5292.8      0.99954    
    5302.7      0.99954    
    5312.6      0.99955    
    5322.5      0.99955    
    5332.4      0.99955    
    5342.3      0.99956    
    5352.3      0.99956    
    5362.2      0.99956    
    5372.1      0.99956    
    5382.0      0.99957    
    5391.9      0.99957    
    5401.8      0.99957    
    5411.7      0.99957    
    5421.6      0.99958    
    5431.5      0.99958    
    5441.4      0.99958    
    5451.4      0.99958    
    5461.3      0.99958    
    5471.2      0.99959    
    5481.1      0.99959    
    5491.0      0.99959    
    5500.9      0.99959    
    5510.8      0.99960    
    5520.7      0.99960    
    5530.6      0.99960    
    5540.5      0.99960    
    5550.5      0.99960    
    5560.4      0.99961    
    5570.3      0.99961    
    5580.2      0.99961    
    5590.1      0.99961    
    5600.0      0.99962    
    5609.9      0.99962    
    5619.8      0.99962    
    5629.7      0.99962    
    5639.6      0.99962    
    5649.5      0.99963    
    5659.5      0.99963    
    5669.4      0.99963    
    5679.3      0.99963    
    5689.2      0.99963    
    5699.1      0.99964    
    5709.0      0.99964    
    5718.9      0.99964    
    5728.8      0.99964    
    5738.7      0.99964    
    5748.6      0.99965    
    5758.6      0.99965    
    5768.5      0.99965    
    5778.4      0.99965    
    5788.3      0.99965    
    5798.2      0.99965    
    5808.1      0.99966    
    5818.0      0.99966    
    5827.9      0.99966    
    5837.8      0.99966    
    5847.7      0.99966    
    5857.7      0.99967    
    5867.6      0.99967    
    5877.5      0.99967    
    5887.4      0.99967    
    5897.3      0.99967    
    5907.2      0.99967    
    5917.1      0.99968    
    5927.0      0.99968    
    5936.9      0.99968    
    5946.8      0.99968    
    5956.8      0.99968    
    5966.7      0.99968    
    5976.6      0.99969    
    5986.5      0.99969    
    5996.4      0.99969    
    6006.3      0.99969    
    6016.2      0.99969    
    6026.1      0.99969    
    6036.0      0.99970    
    6045.9      0.99970    
    6055.9      0.99970    
    6065.8      0.99970    
    6075.7      0.99970    
    6085.6      0.99970    
    6095.5      0.99970    
    6105.4      0.99971    
    6115.3      0.99971    
    6125.2      0.99971    
    6135.1      0.99971    
    6145.0      0.99971    
    6155.0      0.99971    
    6164.9      0.99971    
    6174.8      0.99972    
    6184.7      0.99972    
    6194.6      0.99972    
    6204.5      0.99972    
    6214.4      0.99972    
    6224.3      0.99972    
    6234.2      0.99972    
    6244.1      0.99973    
    6254.1      0.99973    
    6264.0      0.99973    
    6273.9      0.99973    
    6283.8      0.99973    
    6293.7      0.99973    
    6303.6      0.99973    
    6313.5      0.99973    
    6323.4      0.99974    
    6333.3      0.99974    
    6343.2      0.99974    
    6353.2      0.99974    
    6363.1      0.99974    
    6373.0      0.99974    
    6382.9      0.99974    
    6392.8      0.99974    
    6402.7      0.99975    
    6412.6      0.99975    
    6422.5      0.99975    
    6432.4      0.99975    
    6442.3      0.99975    
    6452.3      0.99975    
    6462.2      0.99975    
    6472.1      0.99975    
    6482.0      0.99976    
    6491.9      0.99976    
    6501.8      0.99976    
    6511.7      0.99976    
    6521.6      0.99976    
    6531.5      0.99976    
    6541.4      0.99976    
    6551.4      0.99976    
    6561.3      0.99976    
    6571.2      0.99977    
    6581.1      0.99977    
    6591.0      0.99977    
    6600.9      0.99977    
    6610.8      0.99977    
    6620.7      0.99977    
    6630.6      0.99977    
    6640.5      0.99977    
    6650.5      0.99977    
    6660.4      0.99978    
    6670.3      0.99978    
    6680.2      0.99978    
    6690.1      0.99978    
    6700.0      0.99978    
    6709.9      0.99978    
    6719.8      0.99978    
    6729.7      0.99978    
    6739.6      0.99978    
    6749.5      0.99978    
    6759.5      0.99979    
    6769.4      0.99979    
    6779.3      0.99979    
    6789.2      0.99979    
    6799.1      0.99979    
    6809.0      0.99979    
    6818.9      0.99979    
    6828.8      0.99979    
    6838.7      0.99979    
    6848.6      0.99979    
    6858.6      0.99979    
    6868.5      0.99980    
    6878.4      0.99980    
    6888.3      0.99980    
    6898.2      0.99980    
    6908.1      0.99980    
    6918.0      0.99980    
    6927.9      0.99980    
    6937.8      0.99980    
    6947.7      0.99980    
    6957.7      0.99980    
    6967.6      0.99980    
    6977.5      0.99981    
    6987.4      0.99981    
    6997.3      0.99981    
    7007.2      0.99981    
    7017.1      0.99981    
    7027.0      0.99981    
    7036.9      0.99981    
    7046.8      0.99981    
    7056.8      0.99981    
    7066.7      0.99981    
    7076.6      0.99981    
    7086.5      0.99981    
    7096.4      0.99982    
    7106.3      0.99982    
    7116.2      0.99982    
    7126.1      0.99982    
    7136.0      0.99982    
    7145.9      0.99982    
    7155.9      0.99982    
    7165.8      0.99982    
    7175.7      0.99982    
    7185.6      0.99982    
    7195.5      0.99982    
    7205.4      0.99982    
    7215.3      0.99982    
    7225.2      0.99983    
    7235.1      0.99983    
    7245.0      0.99983    
    7255.0      0.99983    
    7264.9      0.99983    
    7274.8      0.99983    
    7284.7      0.99983    
    7294.6      0.99983    
    7304.5      0.99983    
    7314.4      0.99983    
    7324.3      0.99983    
    7334.2      0.99983    
    7344.1      0.99983    
    7354.1      0.99983    
    7364.0      0.99984    
    7373.9      0.99984    
    7383.8      0.99984    
    7393.7      0.99984    
    7403.6      0.99984    
    7413.5      0.99984    
    7423.4      0.99984    
    7433.3      0.99984    
    7443.2      0.99984    
    7453.2      0.99984    
    7463.1      0.99984    
    7473.0      0.99984    
    7482.9      0.99984    
    7492.8      0.99984    
    7502.7      0.99984    
    7512.6      0.99985    
    7522.5      0.99985    
    7532.4      0.99985    
    7542.3      0.99985    
    7552.3      0.99985    
    7562.2      0.99985    
    7572.1      0.99985    
    7582.0      0.99985    
    7591.9      0.99985    
    7601.8      0.99985    
    7611.7      0.99985    
    7621.6      0.99985    
    7631.5      0.99985    
    7641.4      0.99985    
    7651.4      0.99985    
    7661.3      0.99985    
    7671.2      0.99986    
    7681.1      0.99986    
    7691.0      0.99986    
    7700.9      0.99986    
    7710.8      0.99986    
    7720.7      0.99986    
    7730.6      0.99986    
    7740.5      0.99986    
    7750.5      0.99986    
    7760.4      0.99986    
    7770.3      0.99986    
    7780.2      0.99986    
    7790.1      0.99986    
    7800.0      0.99986    
    7809.9      0.99986    
    7819.8      0.99986    
    7829.7      0.99986    
    7839.6      0.99986    
    7849.5      0.99986    
    7859.5      0.99987    
    7869.4      0.99987    
    7879.3      0.99987    
    7889.2      0.99987    
    7899.1      0.99987    
    7909.0      0.99987    
    7918.9      0.99987    
    7928.8      0.99987    
    7938.7      0.99987    
    7948.6      0.99987    
    7958.6      0.99987    
    7968.5      0.99987    
    7978.4      0.99987    
    7988.3      0.99987    
    7998.2      0.99987    
    8008.1      0.99987    
    8018.0      0.99987    
    8027.9      0.99987    
    8037.8      0.99987    
    8047.7      0.99988    
    8057.7      0.99988    
    8067.6      0.99988    
    8077.5      0.99988    
    8087.4      0.99988    
    8097.3      0.99988    
    8107.2      0.99988    
    8117.1      0.99988    
    8127.0      0.99988    
    8136.9      0.99988    
    8146.8      0.99988    
    8156.8      0.99988    
    8166.7      0.99988    
    8176.6      0.99988    
    8186.5      0.99988    
    8196.4      0.99988    
    8206.3      0.99988    
    8216.2      0.99988    
    8226.1      0.99988    
    8236.0      0.99988    
    8245.9      0.99988    
    8255.9      0.99988    
    8265.8      0.99989    
    8275.7      0.99989    
    8285.6      0.99989    
    8295.5      0.99989    
    8305.4      0.99989    
    8315.3      0.99989    
    8325.2      0.99989    
    8335.1      0.99989    
    8345.0      0.99989    
    8355.0      0.99989    
    8364.9      0.99989    
    8374.8      0.99989    
    8384.7      0.99989    
    8394.6      0.99989    
    8404.5      0.99989    
    8414.4      0.99989    
    8424.3      0.99989    
    8434.2      0.99989    
    8444.1      0.99989    
    8454.1      0.99989    
    8464.0      0.99989    
    8473.9      0.99989    
    8483.8      0.99989    
    8493.7      0.99989    
    8503.6      0.99989    
    8513.5      0.99990    
    8523.4      0.99990    
    8533.3      0.99990    
    8543.2      0.99990    
    8553.2      0.99990    
    8563.1      0.99990    
    8573.0      0.99990    
    8582.9      0.99990    
    8592.8      0.99990    
    8602.7      0.99990    
    8612.6      0.99990    
    8622.5      0.99990    
    8632.4      0.99990    
    8642.3      0.99990    
    8652.3      0.99990    
    8662.2      0.99990    
    8672.1      0.99990    
    8682.0      0.99990    
    8691.9      0.99990    
    8701.8      0.99990    
    8711.7      0.99990    
    8721.6      0.99990    
    8731.5      0.99990    
    8741.4      0.99990    
    8751.4      0.99990    
    8761.3      0.99990    
    8771.2      0.99990    
    8781.1      0.99990    
    8791.0      0.99990    
    8800.9      0.99991    
    8810.8      0.99991    
    8820.7      0.99991    
    8830.6      0.99991    
    8840.5      0.99991    
    8850.5      0.99991    
    8860.4      0.99991    
    8870.3      0.99991    
    8880.2      0.99991    
    8890.1      0.99991    
    8900.0      0.99991    
    8909.9      0.99991    
    8919.8      0.99991    
    8929.7      0.99991    
    8939.6      0.99991    
    8949.5      0.99991    
    8959.5      0.99991    
    8969.4      0.99991    
    8979.3      0.99991    
    8989.2      0.99991    
    8999.1      0.99991    
    9009.0      0.99991    
    9018.9      0.99991    
    9028.8      0.99991    
    9038.7      0.99991    
    9048.6      0.99991    
    9058.6      0.99991    
    9068.5      0.99991    
    9078.4      0.99991    
    9088.3      0.99991    
    9098.2      0.99991    
    9108.1      0.99991    
    9118.0      0.99992    
    9127.9      0.99992    
    9137.8      0.99992    
    9147.7      0.99992    
    9157.7      0.99992    
    9167.6      0.99992    
    9177.5      0.99992    
    9187.4      0.99992    
    9197.3      0.99992    
    9207.2      0.99992    
    9217.1      0.99992    
    9227.0      0.99992    
    9236.9      0.99992    
    9246.8      0.99992    
    9256.8      0.99992    
    9266.7      0.99992    
    9276.6      0.99992    
    9286.5      0.99992    
    9296.4      0.99992    
    9306.3      0.99992    
    9316.2      0.99992    
    9326.1      0.99992    
    9336.0      0.99992    
    9345.9      0.99992    
    9355.9      0.99992    
    9365.8      0.99992    
    9375.7      0.99992    
    9385.6      0.99992    
    9395.5      0.99992    
    9405.4      0.99992    
    9415.3      0.99992    
    9425.2      0.99992    
    9435.1      0.99992    
    9445.0      0.99992    
    9455.0      0.99992    
    9464.9      0.99992    
    9474.8      0.99992    
    9484.7      0.99992    
    9494.6      0.99993    
    9504.5      0.99993    
    9514.4      0.99993    
    9524.3      0.99993    
    9534.2      0.99993    
    9544.1      0.99993    
    9554.1      0.99993    
    9564.0      0.99993    
    9573.9      0.99993    
    9583.8      0.99993    
    9593.7      0.99993    
    9603.6      0.99993    
    9613.5      0.99993    
    9623.4      0.99993    
    9633.3      0.99993    
    9643.2      0.99993    
    9653.2      0.99993    
    9663.1      0.99993    
    9673.0      0.99993    
    9682.9      0.99993    
    9692.8      0.99993    
    9702.7      0.99993    
    9712.6      0.99993    
    9722.5      0.99993    
    9732.4      0.99993    
    9742.3      0.99993    
    9752.3      0.99993    
    9762.2      0.99993    
    9772.1      0.99993    
    9782.0      0.99993    
    9791.9      0.99993    
    9801.8      0.99993    
    9811.7      0.99993    
    9821.6      0.99993    
    9831.5      0.99993    
    9841.4      0.99993    
    9851.4      0.99993    
    9861.3      0.99993    
    9871.2      0.99993    
    9881.1      0.99993    
    9891.0      0.99993    
    9900.9      0.99993    
    9910.8      0.99993    
    9920.7      0.99993    
    9930.6      0.99993    
    9940.5      0.99993    
    9950.5      0.99994    
    9960.4      0.99994    
    9970.3      0.99994    
    9980.2      0.99994    
    9990.1      0.99994    
    10000.      0.99994    