 Si3N4 Density=3.44 Thickness=1.00000E-02 microns
 Photon energy (eV), Transmission
    100.00      0.88174    
    109.91      0.82485    
    119.82      0.77881    
    129.73      0.77285    
    139.64      0.79412    
    149.55      0.79798    
    159.46      0.80550    
    169.37      0.80392    
    179.28      0.83593    
    189.19      0.84764    
    199.10      0.85915    
    209.01      0.86887    
    218.92      0.87733    
    228.83      0.88615    
    238.74      0.89439    
    248.65      0.90179    
    258.56      0.90889    
    268.47      0.91529    
    278.38      0.92104    
    288.29      0.92624    
    298.20      0.93097    
    308.11      0.93541    
    318.02      0.93951    
    327.93      0.94326    
    337.84      0.94668    
    347.75      0.94980    
    357.66      0.95266    
    367.57      0.95538    
    377.48      0.95809    
    387.39      0.96060    
    397.30      0.96291    
    407.21      0.96502    
    417.12      0.92994    
    427.03      0.93358    
    436.94      0.93695    
    446.85      0.94009    
    456.76      0.94301    
    466.67      0.94576    
    476.58      0.94836    
    486.49      0.95079    
    496.40      0.95306    
    506.31      0.95518    
    516.22      0.95717    
    526.13      0.95904    
    536.04      0.96080    
    545.95      0.96245    
    555.86      0.96401    
    565.77      0.96550    
    575.68      0.96695    
    585.59      0.96833    
    595.50      0.96966    
    605.41      0.97092    
    615.32      0.97210    
    625.23      0.97322    
    635.14      0.97428    
    645.05      0.97528    
    654.95      0.97623    
    664.86      0.97713    
    674.77      0.97798    
    684.68      0.97879    
    694.59      0.97956    
    704.50      0.98028    
    714.41      0.98095    
    724.32      0.98160    
    734.23      0.98222    
    744.14      0.98280    
    754.05      0.98336    
    763.96      0.98390    
    773.87      0.98442    
    783.78      0.98492    
    793.69      0.98540    
    803.60      0.98587    
    813.51      0.98632    
    823.42      0.98676    
    833.33      0.98717    
    843.24      0.98757    
    853.15      0.98795    
    863.06      0.98831    
    872.97      0.98866    
    882.88      0.98899    
    892.79      0.98931    
    902.70      0.98962    
    912.61      0.98993    
    922.52      0.99022    
    932.43      0.99050    
    942.34      0.99078    
    952.25      0.99104    
    962.16      0.99129    
    972.07      0.99154    
    981.98      0.99177    
    991.89      0.99200    
    1001.8      0.99222    
    1011.7      0.99243    
    1021.6      0.99263    
    1031.5      0.99282    
    1041.4      0.99301    
    1051.4      0.99319    
    1061.3      0.99337    
    1071.2      0.99354    
    1081.1      0.99370    
    1091.0      0.99386    
    1100.9      0.99401    
    1110.8      0.99415    
    1120.7      0.99429    
    1130.6      0.99443    
    1140.5      0.99455    
    1150.5      0.99468    
    1160.4      0.99480    
    1170.3      0.99492    
    1180.2      0.99503    
    1190.1      0.99514    
    1200.0      0.99525    
    1209.9      0.99535    
    1219.8      0.99546    
    1229.7      0.99555    
    1239.6      0.99565    
    1249.5      0.99574    
    1259.5      0.99583    
    1269.4      0.99592    
    1279.3      0.99601    
    1289.2      0.99609    
    1299.1      0.99617    
    1309.0      0.99625    
    1318.9      0.99633    
    1328.8      0.99640    
    1338.7      0.99647    
    1348.6      0.99655    
    1358.6      0.99661    
    1368.5      0.99668    
    1378.4      0.99675    
    1388.3      0.99681    
    1398.2      0.99687    
    1408.1      0.99693    
    1418.0      0.99699    
    1427.9      0.99705    
    1437.8      0.99710    
    1447.7      0.99716    
    1457.7      0.99721    
    1467.6      0.99726    
    1477.5      0.99731    
    1487.4      0.99736    
    1497.3      0.99741    
    1507.2      0.99746    
    1517.1      0.99751    
    1527.0      0.99755    
    1536.9      0.99759    
    1546.8      0.99764    
    1556.8      0.99768    
    1566.7      0.99772    
    1576.6      0.99776    
    1586.5      0.99780    
    1596.4      0.99784    
    1606.3      0.99788    
    1616.2      0.99791    
    1626.1      0.99795    
    1636.0      0.99798    
    1645.9      0.99802    
    1655.9      0.99805    
    1665.8      0.99808    
    1675.7      0.99811    
    1685.6      0.99815    
    1695.5      0.99818    
    1705.4      0.99821    
    1715.3      0.99823    
    1725.2      0.99826    
    1735.1      0.99829    
    1745.0      0.99832    
    1755.0      0.99835    
    1764.9      0.99837    
    1774.8      0.99840    
    1784.7      0.99842    
    1794.6      0.99845    
    1804.5      0.99847    
    1814.4      0.99850    
    1824.3      0.99852    
    1834.2      0.99854    
    1844.1      0.99226    
    1854.1      0.99236    
    1864.0      0.99246    
    1873.9      0.99255    
    1883.8      0.99265    
    1893.7      0.99274    
    1903.6      0.99283    
    1913.5      0.99292    
    1923.4      0.99301    
    1933.3      0.99310    
    1943.2      0.99318    
    1953.2      0.99327    
    1963.1      0.99335    
    1973.0      0.99343    
    1982.9      0.99351    
    1992.8      0.99359    
    2002.7      0.99367    
    2012.6      0.99374    
    2022.5      0.99382    
    2032.4      0.99389    
    2042.3      0.99396    
    2052.3      0.99403    
    2062.2      0.99410    
    2072.1      0.99417    
    2082.0      0.99424    
    2091.9      0.99431    
    2101.8      0.99438    
    2111.7      0.99444    
    2121.6      0.99451    
    2131.5      0.99457    
    2141.4      0.99463    
    2151.4      0.99470    
    2161.3      0.99476    
    2171.2      0.99482    
    2181.1      0.99488    
    2191.0      0.99494    
    2200.9      0.99499    
    2210.8      0.99505    
    2220.7      0.99511    
    2230.6      0.99516    
    2240.5      0.99522    
    2250.5      0.99527    
    2260.4      0.99532    
    2270.3      0.99537    
    2280.2      0.99543    
    2290.1      0.99548    
    2300.0      0.99553    
    2309.9      0.99557    
    2319.8      0.99562    
    2329.7      0.99567    
    2339.6      0.99572    
    2349.5      0.99576    
    2359.5      0.99581    
    2369.4      0.99586    
    2379.3      0.99590    
    2389.2      0.99594    
    2399.1      0.99599    
    2409.0      0.99603    
    2418.9      0.99607    
    2428.8      0.99611    
    2438.7      0.99615    
    2448.6      0.99619    
    2458.6      0.99623    
    2468.5      0.99627    
    2478.4      0.99631    
    2488.3      0.99635    
    2498.2      0.99639    
    2508.1      0.99643    
    2518.0      0.99646    
    2527.9      0.99650    
    2537.8      0.99653    
    2547.7      0.99657    
    2557.7      0.99660    
    2567.6      0.99664    
    2577.5      0.99667    
    2587.4      0.99671    
    2597.3      0.99674    
    2607.2      0.99677    
    2617.1      0.99680    
    2627.0      0.99684    
    2636.9      0.99687    
    2646.8      0.99690    
    2656.8      0.99693    
    2666.7      0.99696    
    2676.6      0.99699    
    2686.5      0.99702    
    2696.4      0.99705    
    2706.3      0.99708    
    2716.2      0.99710    
    2726.1      0.99713    
    2736.0      0.99716    
    2745.9      0.99719    
    2755.9      0.99721    
    2765.8      0.99724    
    2775.7      0.99727    
    2785.6      0.99729    
    2795.5      0.99732    
    2805.4      0.99734    
    2815.3      0.99737    
    2825.2      0.99739    
    2835.1      0.99742    
    2845.0      0.99744    
    2855.0      0.99747    
    2864.9      0.99749    
    2874.8      0.99751    
    2884.7      0.99753    
    2894.6      0.99756    
    2904.5      0.99758    
    2914.4      0.99760    
    2924.3      0.99762    
    2934.2      0.99765    
    2944.1      0.99767    
    2954.1      0.99769    
    2964.0      0.99771    
    2973.9      0.99773    
    2983.8      0.99775    
    2993.7      0.99777    
    3003.6      0.99779    
    3013.5      0.99781    
    3023.4      0.99783    
    3033.3      0.99785    
    3043.2      0.99787    
    3053.2      0.99788    
    3063.1      0.99790    
    3073.0      0.99792    
    3082.9      0.99794    
    3092.8      0.99796    
    3102.7      0.99798    
    3112.6      0.99799    
    3122.5      0.99801    
    3132.4      0.99803    
    3142.3      0.99804    
    3152.3      0.99806    
    3162.2      0.99808    
    3172.1      0.99809    
    3182.0      0.99811    
    3191.9      0.99813    
    3201.8      0.99814    
    3211.7      0.99816    
    3221.6      0.99817    
    3231.5      0.99819    
    3241.4      0.99820    
    3251.4      0.99822    
    3261.3      0.99823    
    3271.2      0.99825    
    3281.1      0.99826    
    3291.0      0.99828    
    3300.9      0.99829    
    3310.8      0.99830    
    3320.7      0.99832    
    3330.6      0.99833    
    3340.5      0.99835    
    3350.5      0.99836    
    3360.4      0.99837    
    3370.3      0.99839    
    3380.2      0.99840    
    3390.1      0.99841    
    3400.0      0.99842    
    3409.9      0.99844    
    3419.8      0.99845    
    3429.7      0.99846    
    3439.6      0.99847    
    3449.5      0.99849    
    3459.5      0.99850    
    3469.4      0.99851    
    3479.3      0.99852    
    3489.2      0.99853    
    3499.1      0.99854    
    3509.0      0.99855    
    3518.9      0.99857    
    3528.8      0.99858    
    3538.7      0.99859    
    3548.6      0.99860    
    3558.6      0.99861    
    3568.5      0.99862    
    3578.4      0.99863    
    3588.3      0.99864    
    3598.2      0.99865    
    3608.1      0.99866    
    3618.0      0.99867    
    3627.9      0.99868    
    3637.8      0.99869    
    3647.7      0.99870    
    3657.7      0.99871    
    3667.6      0.99872    
    3677.5      0.99873    
    3687.4      0.99874    
    3697.3      0.99875    
    3707.2      0.99876    
    3717.1      0.99877    
    3727.0      0.99878    
    3736.9      0.99879    
    3746.8      0.99880    
    3756.8      0.99880    
    3766.7      0.99881    
    3776.6      0.99882    
    3786.5      0.99883    
    3796.4      0.99884    
    3806.3      0.99885    
    3816.2      0.99886    
    3826.1      0.99886    
    3836.0      0.99887    
    3845.9      0.99888    
    3855.9      0.99889    
    3865.8      0.99890    
    3875.7      0.99890    
    3885.6      0.99891    
    3895.5      0.99892    
    3905.4      0.99893    
    3915.3      0.99893    
    3925.2      0.99894    
    3935.1      0.99895    
    3945.0      0.99896    
    3955.0      0.99896    
    3964.9      0.99897    
    3974.8      0.99898    
    3984.7      0.99899    
    3994.6      0.99899    
    4004.5      0.99900    
    4014.4      0.99901    
    4024.3      0.99901    
    4034.2      0.99902    
    4044.1      0.99903    
    4054.1      0.99903    
    4064.0      0.99904    
    4073.9      0.99905    
    4083.8      0.99905    
    4093.7      0.99906    
    4103.6      0.99907    
    4113.5      0.99907    
    4123.4      0.99908    
    4133.3      0.99908    
    4143.2      0.99909    
    4153.2      0.99910    
    4163.1      0.99910    
    4173.0      0.99911    
    4182.9      0.99911    
    4192.8      0.99912    
    4202.7      0.99913    
    4212.6      0.99913    
    4222.5      0.99914    
    4232.4      0.99914    
    4242.3      0.99915    
    4252.3      0.99915    
    4262.2      0.99916    
    4272.1      0.99917    
    4282.0      0.99917    
    4291.9      0.99918    
    4301.8      0.99918    
    4311.7      0.99919    
    4321.6      0.99919    
    4331.5      0.99920    
    4341.4      0.99920    
    4351.4      0.99921    
    4361.3      0.99921    
    4371.2      0.99922    
    4381.1      0.99922    
    4391.0      0.99923    
    4400.9      0.99923    
    4410.8      0.99924    
    4420.7      0.99924    
    4430.6      0.99925    
    4440.5      0.99925    
    4450.5      0.99926    
    4460.4      0.99926    
    4470.3      0.99927    
    4480.2      0.99927    
    4490.1      0.99927    
    4500.0      0.99928    
    4509.9      0.99928    
    4519.8      0.99929    
    4529.7      0.99929    
    4539.6      0.99930    
    4549.5      0.99930    
    4559.5      0.99931    
    4569.4      0.99931    
    4579.3      0.99931    
    4589.2      0.99932    
    4599.1      0.99932    
    4609.0      0.99933    
    4618.9      0.99933    
    4628.8      0.99933    
    4638.7      0.99934    
    4648.6      0.99934    
    4658.6      0.99935    
    4668.5      0.99935    
    4678.4      0.99935    
    4688.3      0.99936    
    4698.2      0.99936    
    4708.1      0.99937    
    4718.0      0.99937    
    4727.9      0.99937    
    4737.8      0.99938    
    4747.7      0.99938    
    4757.7      0.99938    
    4767.6      0.99939    
    4777.5      0.99939    
    4787.4      0.99940    
    4797.3      0.99940    
    4807.2      0.99940    
    4817.1      0.99941    
    4827.0      0.99941    
    4836.9      0.99941    
    4846.8      0.99942    
    4856.8      0.99942    
    4866.7      0.99942    
    4876.6      0.99943    
    4886.5      0.99943    
    4896.4      0.99943    
    4906.3      0.99944    
    4916.2      0.99944    
    4926.1      0.99944    
    4936.0      0.99945    
    4945.9      0.99945    
    4955.9      0.99945    
    4965.8      0.99946    
    4975.7      0.99946    
    4985.6      0.99946    
    4995.5      0.99946    
    5005.4      0.99947    
    5015.3      0.99947    
    5025.2      0.99947    
    5035.1      0.99948    
    5045.0      0.99948    
    5055.0      0.99948    
    5064.9      0.99949    
    5074.8      0.99949    
    5084.7      0.99949    
    5094.6      0.99949    
    5104.5      0.99950    
    5114.4      0.99950    
    5124.3      0.99950    
    5134.2      0.99950    
    5144.1      0.99951    
    5154.1      0.99951    
    5164.0      0.99951    
    5173.9      0.99952    
    5183.8      0.99952    
    5193.7      0.99952    
    5203.6      0.99952    
    5213.5      0.99953    
    5223.4      0.99953    
    5233.3      0.99953    
    5243.2      0.99953    
    5253.2      0.99954    
    5263.1      0.99954    
    5273.0      0.99954    
    5282.9      0.99954    
    5292.8      0.99955    
    5302.7      0.99955    
    5312.6      0.99955    
    5322.5      0.99955    
    5332.4      0.99956    
    5342.3      0.99956    
    5352.3      0.99956    
    5362.2      0.99956    
    5372.1      0.99957    
    5382.0      0.99957    
    5391.9      0.99957    
    5401.8      0.99957    
    5411.7      0.99957    
    5421.6      0.99958    
    5431.5      0.99958    
    5441.4      0.99958    
    5451.4      0.99958    
    5461.3      0.99959    
    5471.2      0.99959    
    5481.1      0.99959    
    5491.0      0.99959    
    5500.9      0.99959    
    5510.8      0.99960    
    5520.7      0.99960    
    5530.6      0.99960    
    5540.5      0.99960    
    5550.5      0.99960    
    5560.4      0.99961    
    5570.3      0.99961    
    5580.2      0.99961    
    5590.1      0.99961    
    5600.0      0.99961    
    5609.9      0.99962    
    5619.8      0.99962    
    5629.7      0.99962    
    5639.6      0.99962    
    5649.5      0.99962    
    5659.5      0.99963    
    5669.4      0.99963    
    5679.3      0.99963    
    5689.2      0.99963    
    5699.1      0.99963    
    5709.0      0.99963    
    5718.9      0.99964    
    5728.8      0.99964    
    5738.7      0.99964    
    5748.6      0.99964    
    5758.6      0.99964    
    5768.5      0.99965    
    5778.4      0.99965    
    5788.3      0.99965    
    5798.2      0.99965    
    5808.1      0.99965    
    5818.0      0.99965    
    5827.9      0.99966    
    5837.8      0.99966    
    5847.7      0.99966    
    5857.7      0.99966    
    5867.6      0.99966    
    5877.5      0.99966    
    5887.4      0.99967    
    5897.3      0.99967    
    5907.2      0.99967    
    5917.1      0.99967    
    5927.0      0.99967    
    5936.9      0.99967    
    5946.8      0.99968    
    5956.8      0.99968    
    5966.7      0.99968    
    5976.6      0.99968    
    5986.5      0.99968    
    5996.4      0.99968    
    6006.3      0.99968    
    6016.2      0.99969    
    6026.1      0.99969    
    6036.0      0.99969    
    6045.9      0.99969    
    6055.9      0.99969    
    6065.8      0.99969    
    6075.7      0.99969    
    6085.6      0.99970    
    6095.5      0.99970    
    6105.4      0.99970    
    6115.3      0.99970    
    6125.2      0.99970    
    6135.1      0.99970    
    6145.0      0.99970    
    6155.0      0.99971    
    6164.9      0.99971    
    6174.8      0.99971    
    6184.7      0.99971    
    6194.6      0.99971    
    6204.5      0.99971    
    6214.4      0.99971    
    6224.3      0.99972    
    6234.2      0.99972    
    6244.1      0.99972    
    6254.1      0.99972    
    6264.0      0.99972    
    6273.9      0.99972    
    6283.8      0.99972    
    6293.7      0.99972    
    6303.6      0.99973    
    6313.5      0.99973    
    6323.4      0.99973    
    6333.3      0.99973    
    6343.2      0.99973    
    6353.2      0.99973    
    6363.1      0.99973    
    6373.0      0.99973    
    6382.9      0.99974    
    6392.8      0.99974    
    6402.7      0.99974    
    6412.6      0.99974    
    6422.5      0.99974    
    6432.4      0.99974    
    6442.3      0.99974    
    6452.3      0.99974    
    6462.2      0.99974    
    6472.1      0.99975    
    6482.0      0.99975    
    6491.9      0.99975    
    6501.8      0.99975    
    6511.7      0.99975    
    6521.6      0.99975    
    6531.5      0.99975    
    6541.4      0.99975    
    6551.4      0.99975    
    6561.3      0.99976    
    6571.2      0.99976    
    6581.1      0.99976    
    6591.0      0.99976    
    6600.9      0.99976    
    6610.8      0.99976    
    6620.7      0.99976    
    6630.6      0.99976    
    6640.5      0.99976    
    6650.5      0.99977    
    6660.4      0.99977    
    6670.3      0.99977    
    6680.2      0.99977    
    6690.1      0.99977    
    6700.0      0.99977    
    6709.9      0.99977    
    6719.8      0.99977    
    6729.7      0.99977    
    6739.6      0.99977    
    6749.5      0.99977    
    6759.5      0.99978    
    6769.4      0.99978    
    6779.3      0.99978    
    6789.2      0.99978    
    6799.1      0.99978    
    6809.0      0.99978    
    6818.9      0.99978    
    6828.8      0.99978    
    6838.7      0.99978    
    6848.6      0.99978    
    6858.6      0.99979    
    6868.5      0.99979    
    6878.4      0.99979    
    6888.3      0.99979    
    6898.2      0.99979    
    6908.1      0.99979    
    6918.0      0.99979    
    6927.9      0.99979    
    6937.8      0.99979    
    6947.7      0.99979    
    6957.7      0.99979    
    6967.6      0.99979    
    6977.5      0.99980    
    6987.4      0.99980    
    6997.3      0.99980    
    7007.2      0.99980    
    7017.1      0.99980    
    7027.0      0.99980    
    7036.9      0.99980    
    7046.8      0.99980    
    7056.8      0.99980    
    7066.7      0.99980    
    7076.6      0.99980    
    7086.5      0.99980    
    7096.4      0.99981    
    7106.3      0.99981    
    7116.2      0.99981    
    7126.1      0.99981    
    7136.0      0.99981    
    7145.9      0.99981    
    7155.9      0.99981    
    7165.8      0.99981    
    7175.7      0.99981    
    7185.6      0.99981    
    7195.5      0.99981    
    7205.4      0.99981    
    7215.3      0.99981    
    7225.2      0.99982    
    7235.1      0.99982    
    7245.0      0.99982    
    7255.0      0.99982    
    7264.9      0.99982    
    7274.8      0.99982    
    7284.7      0.99982    
    7294.6      0.99982    
    7304.5      0.99982    
    7314.4      0.99982    
    7324.3      0.99982    
    7334.2      0.99982    
    7344.1      0.99982    
    7354.1      0.99982    
    7364.0      0.99983    
    7373.9      0.99983    
    7383.8      0.99983    
    7393.7      0.99983    
    7403.6      0.99983    
    7413.5      0.99983    
    7423.4      0.99983    
    7433.3      0.99983    
    7443.2      0.99983    
    7453.2      0.99983    
    7463.1      0.99983    
    7473.0      0.99983    
    7482.9      0.99983    
    7492.8      0.99983    
    7502.7      0.99983    
    7512.6      0.99984    
    7522.5      0.99984    
    7532.4      0.99984    
    7542.3      0.99984    
    7552.3      0.99984    
    7562.2      0.99984    
    7572.1      0.99984    
    7582.0      0.99984    
    7591.9      0.99984    
    7601.8      0.99984    
    7611.7      0.99984    
    7621.6      0.99984    
    7631.5      0.99984    
    7641.4      0.99984    
    7651.4      0.99984    
    7661.3      0.99984    
    7671.2      0.99984    
    7681.1      0.99985    
    7691.0      0.99985    
    7700.9      0.99985    
    7710.8      0.99985    
    7720.7      0.99985    
    7730.6      0.99985    
    7740.5      0.99985    
    7750.5      0.99985    
    7760.4      0.99985    
    7770.3      0.99985    
    7780.2      0.99985    
    7790.1      0.99985    
    7800.0      0.99985    
    7809.9      0.99985    
    7819.8      0.99985    
    7829.7      0.99985    
    7839.6      0.99985    
    7849.5      0.99986    
    7859.5      0.99986    
    7869.4      0.99986    
    7879.3      0.99986    
    7889.2      0.99986    
    7899.1      0.99986    
    7909.0      0.99986    
    7918.9      0.99986    
    7928.8      0.99986    
    7938.7      0.99986    
    7948.6      0.99986    
    7958.6      0.99986    
    7968.5      0.99986    
    7978.4      0.99986    
    7988.3      0.99986    
    7998.2      0.99986    
    8008.1      0.99986    
    8018.0      0.99986    
    8027.9      0.99986    
    8037.8      0.99986    
    8047.7      0.99987    
    8057.7      0.99987    
    8067.6      0.99987    
    8077.5      0.99987    
    8087.4      0.99987    
    8097.3      0.99987    
    8107.2      0.99987    
    8117.1      0.99987    
    8127.0      0.99987    
    8136.9      0.99987    
    8146.8      0.99987    
    8156.8      0.99987    
    8166.7      0.99987    
    8176.6      0.99987    
    8186.5      0.99987    
    8196.4      0.99987    
    8206.3      0.99987    
    8216.2      0.99987    
    8226.1      0.99987    
    8236.0      0.99987    
    8245.9      0.99987    
    8255.9      0.99987    
    8265.8      0.99988    
    8275.7      0.99988    
    8285.6      0.99988    
    8295.5      0.99988    
    8305.4      0.99988    
    8315.3      0.99988    
    8325.2      0.99988    
    8335.1      0.99988    
    8345.0      0.99988    
    8355.0      0.99988    
    8364.9      0.99988    
    8374.8      0.99988    
    8384.7      0.99988    
    8394.6      0.99988    
    8404.5      0.99988    
    8414.4      0.99988    
    8424.3      0.99988    
    8434.2      0.99988    
    8444.1      0.99988    
    8454.1      0.99988    
    8464.0      0.99988    
    8473.9      0.99988    
    8483.8      0.99988    
    8493.7      0.99988    
    8503.6      0.99989    
    8513.5      0.99989    
    8523.4      0.99989    
    8533.3      0.99989    
    8543.2      0.99989    
    8553.2      0.99989    
    8563.1      0.99989    
    8573.0      0.99989    
    8582.9      0.99989    
    8592.8      0.99989    
    8602.7      0.99989    
    8612.6      0.99989    
    8622.5      0.99989    
    8632.4      0.99989    
    8642.3      0.99989    
    8652.3      0.99989    
    8662.2      0.99989    
    8672.1      0.99989    
    8682.0      0.99989    
    8691.9      0.99989    
    8701.8      0.99989    
    8711.7      0.99989    
    8721.6      0.99989    
    8731.5      0.99989    
    8741.4      0.99989    
    8751.4      0.99989    
    8761.3      0.99989    
    8771.2      0.99990    
    8781.1      0.99990    
    8791.0      0.99990    
    8800.9      0.99990    
    8810.8      0.99990    
    8820.7      0.99990    
    8830.6      0.99990    
    8840.5      0.99990    
    8850.5      0.99990    
    8860.4      0.99990    
    8870.3      0.99990    
    8880.2      0.99990    
    8890.1      0.99990    
    8900.0      0.99990    
    8909.9      0.99990    
    8919.8      0.99990    
    8929.7      0.99990    
    8939.6      0.99990    
    8949.5      0.99990    
    8959.5      0.99990    
    8969.4      0.99990    
    8979.3      0.99990    
    8989.2      0.99990    
    8999.1      0.99990    
    9009.0      0.99990    
    9018.9      0.99990    
    9028.8      0.99990    
    9038.7      0.99990    
    9048.6      0.99990    
    9058.6      0.99990    
    9068.5      0.99991    
    9078.4      0.99991    
    9088.3      0.99991    
    9098.2      0.99991    
    9108.1      0.99991    
    9118.0      0.99991    
    9127.9      0.99991    
    9137.8      0.99991    
    9147.7      0.99991    
    9157.7      0.99991    
    9167.6      0.99991    
    9177.5      0.99991    
    9187.4      0.99991    
    9197.3      0.99991    
    9207.2      0.99991    
    9217.1      0.99991    
    9227.0      0.99991    
    9236.9      0.99991    
    9246.8      0.99991    
    9256.8      0.99991    
    9266.7      0.99991    
    9276.6      0.99991    
    9286.5      0.99991    
    9296.4      0.99991    
    9306.3      0.99991    
    9316.2      0.99991    
    9326.1      0.99991    
    9336.0      0.99991    
    9345.9      0.99991    
    9355.9      0.99991    
    9365.8      0.99991    
    9375.7      0.99991    
    9385.6      0.99991    
    9395.5      0.99991    
    9405.4      0.99991    
    9415.3      0.99992    
    9425.2      0.99992    
    9435.1      0.99992    
    9445.0      0.99992    
    9455.0      0.99992    
    9464.9      0.99992    
    9474.8      0.99992    
    9484.7      0.99992    
    9494.6      0.99992    
    9504.5      0.99992    
    9514.4      0.99992    
    9524.3      0.99992    
    9534.2      0.99992    
    9544.1      0.99992    
    9554.1      0.99992    
    9564.0      0.99992    
    9573.9      0.99992    
    9583.8      0.99992    
    9593.7      0.99992    
    9603.6      0.99992    
    9613.5      0.99992    
    9623.4      0.99992    
    9633.3      0.99992    
    9643.2      0.99992    
    9653.2      0.99992    
    9663.1      0.99992    
    9673.0      0.99992    
    9682.9      0.99992    
    9692.8      0.99992    
    9702.7      0.99992    
    9712.6      0.99992    
    9722.5      0.99992    
    9732.4      0.99992    
    9742.3      0.99992    
    9752.3      0.99992    
    9762.2      0.99992    
    9772.1      0.99992    
    9782.0      0.99992    
    9791.9      0.99992    
    9801.8      0.99992    
    9811.7      0.99992    
    9821.6      0.99992    
    9831.5      0.99993    
    9841.4      0.99993    
    9851.4      0.99993    
    9861.3      0.99993    
    9871.2      0.99993    
    9881.1      0.99993    
    9891.0      0.99993    
    9900.9      0.99993    
    9910.8      0.99993    
    9920.7      0.99993    
    9930.6      0.99993    
    9940.5      0.99993    
    9950.5      0.99993    
    9960.4      0.99993    
    9970.3      0.99993    
    9980.2      0.99993    
    9990.1      0.99993    
    10000.      0.99993    