 Si Density=2.33 Thickness=35. microns
 Photon energy (eV), Transmission
    100.00      0.00000    
    109.91      0.00000    
    119.82      0.00000    
    129.73      0.00000    
    139.64      0.00000    
    149.55      0.00000    
    159.46      0.00000    
    169.37      0.00000    
    179.28      0.00000    
    189.19      0.00000    
    199.10      0.00000    
    209.01      0.00000    
    218.92      0.00000    
    228.83      0.00000    
    238.74      0.00000    
    248.65      0.00000    
    258.56      0.00000    
    268.47      0.00000    
    278.38      0.00000    
    288.29      0.00000    
    298.20      0.00000    
    308.11      0.00000    
    318.02      0.00000    
    327.93      0.00000    
    337.84      0.00000    
    347.75      0.00000    
    357.66      0.00000    
    367.57      0.00000    
    377.48      0.00000    
    387.39      0.00000    
    397.30      0.00000    
    407.21      0.00000    
    417.12      0.00000    
    427.03      0.00000    
    436.94      0.00000    
    446.85      0.00000    
    456.76      5.60519E-45
    466.67      1.01314E-42
    476.58      1.45495E-40
    486.49      1.47230E-38
    496.40      1.08317E-36
    506.31      5.95875E-35
    516.22      2.51188E-33
    526.13      8.29874E-32
    536.04      2.19180E-30
    545.95      4.71305E-29
    555.86      8.38640E-28
    565.77      1.25312E-26
    575.68      1.59367E-25
    585.59      1.82227E-24
    595.50      1.93738E-23
    605.41      1.83306E-22
    615.32      1.52191E-21
    625.23      1.11924E-20
    635.14      7.35591E-20
    645.05      4.35428E-19
    654.95      2.33851E-18
    664.86      1.14722E-17
    674.77      5.17210E-17
    684.68      2.15472E-16
    694.59      8.25457E-16
    704.50      2.82575E-15
    714.41      8.89663E-15
    724.32      2.65355E-14
    734.23      7.51989E-14
    744.14      2.03118E-13
    754.05      5.24443E-13
    763.96      1.29769E-12
    773.87      3.08471E-12
    783.78      7.05920E-12
    793.69      1.57461E-11
    803.60      3.45976E-11
    813.51      7.54345E-11
    823.42      1.58926E-10
    833.33      3.24221E-10
    843.24      6.41531E-10
    853.15      1.23312E-09
    863.06      2.30624E-09
    872.97      4.20283E-09
    882.88      7.47346E-09
    892.79      1.29832E-08
    902.70      2.25279E-08
    912.61      3.86772E-08
    922.52      6.56958E-08
    932.43      1.09177E-07
    942.34      1.77715E-07
    952.25      2.83645E-07
    962.16      4.44334E-07
    972.07      6.83806E-07
    981.98      1.03479E-06
    991.89      1.54124E-06
    1001.8      2.26095E-06
    1011.7      3.27005E-06
    1021.6      4.66447E-06
    1031.5      6.56641E-06
    1041.4      9.12670E-06
    1051.4      1.25326E-05
    1061.3      1.70143E-05
    1071.2      2.28454E-05
    1081.1      3.03528E-05
    1091.0      3.96020E-05
    1100.9      5.08608E-05
    1110.8      6.42752E-05
    1120.7      8.04334E-05
    1130.6      9.99632E-05
    1140.5      1.23388E-04
    1150.5      1.51311E-04
    1160.4      1.84384E-04
    1170.3      2.23324E-04
    1180.2      2.68923E-04
    1190.1      3.22040E-04
    1200.0      3.83636E-04
    1209.9      4.54725E-04
    1219.8      5.36348E-04
    1229.7      6.29630E-04
    1239.6      7.35711E-04
    1249.5      8.55820E-04
    1259.5      9.91214E-04
    1269.4      1.14324E-03
    1279.3      1.31330E-03
    1289.2      1.50286E-03
    1299.1      1.71388E-03
    1309.0      1.94837E-03
    1318.9      2.20719E-03
    1328.8      2.49198E-03
    1338.7      2.80434E-03
    1348.6      3.14608E-03
    1358.6      3.51867E-03
    1368.5      3.92358E-03
    1378.4      4.36256E-03
    1388.3      4.83823E-03
    1398.2      5.35176E-03
    1408.1      5.90493E-03
    1418.0      6.49947E-03
    1427.9      7.13666E-03
    1437.8      7.81864E-03
    1447.7      8.54615E-03
    1457.7      9.32065E-03
    1467.6      1.01435E-02
    1477.5      1.10163E-02
    1487.4      1.19404E-02
    1497.3      1.29193E-02
    1507.2      1.39808E-02
    1517.1      1.51002E-02
    1527.0      1.62804E-02
    1536.9      1.75218E-02
    1546.8      1.88250E-02
    1556.8      2.01924E-02
    1566.7      2.16231E-02
    1576.6      2.31170E-02
    1586.5      2.46751E-02
    1596.4      2.62982E-02
    1606.3      2.79869E-02
    1616.2      2.97412E-02
    1626.1      3.15617E-02
    1636.0      3.34487E-02
    1645.9      3.54018E-02
    1655.9      3.74206E-02
    1665.8      3.95054E-02
    1675.7      4.16559E-02
    1685.6      4.38718E-02
    1695.5      4.61529E-02
    1705.4      4.84986E-02
    1715.3      5.09084E-02
    1725.2      5.33818E-02
    1735.1      5.59662E-02
    1745.0      5.86445E-02
    1755.0      6.13884E-02
    1764.9      6.42102E-02
    1774.8      6.70995E-02
    1784.7      7.00529E-02
    1794.6      7.30849E-02
    1804.5      7.61800E-02
    1814.4      7.93367E-02
    1824.3      8.25531E-02
    1834.2      8.58285E-02
    1844.1      1.21364E-12
    1854.1      1.72136E-12
    1864.0      2.42623E-12
    1873.9      3.39879E-12
    1883.8      4.73273E-12
    1893.7      6.55213E-12
    1903.6      9.01961E-12
    1913.5      1.23470E-11
    1923.4      1.68101E-11
    1933.3      2.27654E-11
    1943.2      3.06697E-11
    1953.2      4.11083E-11
    1963.1      5.48261E-11
    1973.0      7.27644E-11
    1982.9      9.61104E-11
    1992.8      1.26479E-10
    2002.7      1.65685E-10
    2012.6      2.16068E-10
    2022.5      2.80746E-10
    2032.4      3.63321E-10
    2042.3      4.68187E-10
    2052.3      6.00887E-10
    2062.2      7.68187E-10
    2072.1      9.78154E-10
    2082.0      1.24122E-09
    2091.9      1.57625E-09
    2101.8      1.99390E-09
    2111.7      2.51264E-09
    2121.6      3.15644E-09
    2131.5      3.95177E-09
    2141.4      4.92965E-09
    2151.4      6.12948E-09
    2161.3      7.60104E-09
    2171.2      9.39370E-09
    2181.1      1.15704E-08
    2191.0      1.42181E-08
    2200.9      1.74211E-08
    2210.8      2.12779E-08
    2220.7      2.59098E-08
    2230.6      3.14685E-08
    2240.5      3.81046E-08
    2250.5      4.60050E-08
    2260.4      5.54111E-08
    2270.3      6.65793E-08
    2280.2      7.97756E-08
    2290.1      9.53234E-08
    2300.0      1.13681E-07
    2309.9      1.35228E-07
    2319.8      1.60439E-07
    2329.7      1.89876E-07
    2339.6      2.24248E-07
    2349.5      2.64185E-07
    2359.5      3.10477E-07
    2369.4      3.64123E-07
    2379.3      4.26295E-07
    2389.2      4.97929E-07
    2399.1      5.80273E-07
    2409.0      6.74851E-07
    2418.9      7.83295E-07
    2428.8      9.07196E-07
    2438.7      1.04847E-06
    2448.6      1.20965E-06
    2458.6      1.39314E-06
    2468.5      1.60122E-06
    2478.4      1.83673E-06
    2488.3      2.10337E-06
    2498.2      2.40464E-06
    2508.1      2.74383E-06
    2518.0      3.12507E-06
    2527.9      3.55332E-06
    2537.8      4.03352E-06
    2547.7      4.57052E-06
    2557.7      5.17002E-06
    2567.6      5.83967E-06
    2577.5      6.58757E-06
    2587.4      7.41892E-06
    2597.3      8.34146E-06
    2607.2      9.36435E-06
    2617.1      1.04983E-05
    2627.0      1.17513E-05
    2636.9      1.31338E-05
    2646.8      1.46570E-05
    2656.8      1.63367E-05
    2666.7      1.81827E-05
    2676.6      2.02084E-05
    2686.5      2.24280E-05
    2696.4      2.48661E-05
    2706.3      2.75369E-05
    2716.2      3.04540E-05
    2726.1      3.36350E-05
    2736.0      3.71014E-05
    2745.9      4.08774E-05
    2755.9      4.49809E-05
    2765.8      4.94342E-05
    2775.7      5.42626E-05
    2785.6      5.95021E-05
    2795.5      6.51739E-05
    2805.4      7.13024E-05
    2815.3      7.79178E-05
    2825.2      8.50570E-05
    2835.1      9.27682E-05
    2845.0      1.01068E-04
    2855.0      1.09990E-04
    2864.9      1.19572E-04
    2874.8      1.29868E-04
    2884.7      1.40912E-04
    2894.6      1.52742E-04
    2904.5      1.65397E-04
    2914.4      1.78923E-04
    2924.3      1.93423E-04
    2934.2      2.08899E-04
    2944.1      2.25399E-04
    2954.1      2.42975E-04
    2964.0      2.61686E-04
    2973.9      2.81611E-04
    2983.8      3.02784E-04
    2993.7      3.25257E-04
    3003.6      3.49102E-04
    3013.5      3.74399E-04
    3023.4      4.01236E-04
    3033.3      4.29648E-04
    3043.2      4.59690E-04
    3053.2      4.91437E-04
    3063.1      5.25006E-04
    3073.0      5.60486E-04
    3082.9      5.97901E-04
    3092.8      6.37326E-04
    3102.7      6.78839E-04
    3112.6      7.22556E-04
    3122.5      7.68560E-04
    3132.4      8.16912E-04
    3142.3      8.67683E-04
    3152.3      9.20970E-04
    3162.2      9.76927E-04
    3172.1      1.03571E-03
    3182.0      1.09729E-03
    3191.9      1.16175E-03
    3201.8      1.22922E-03
    3211.7      1.29978E-03
    3221.6      1.37364E-03
    3231.5      1.45078E-03
    3241.4      1.53132E-03
    3251.4      1.61533E-03
    3261.3      1.70293E-03
    3271.2      1.79438E-03
    3281.1      1.88963E-03
    3291.0      1.98879E-03
    3300.9      2.09197E-03
    3310.8      2.19926E-03
    3320.7      2.31105E-03
    3330.6      2.42734E-03
    3340.5      2.54808E-03
    3350.5      2.67341E-03
    3360.4      2.80343E-03
    3370.3      2.93829E-03
    3380.2      3.07817E-03
    3390.1      3.22306E-03
    3400.0      3.37310E-03
    3409.9      3.52840E-03
    3419.8      3.68905E-03
    3429.7      3.85547E-03
    3439.6      4.02757E-03
    3449.5      4.20541E-03
    3459.5      4.38906E-03
    3469.4      4.57864E-03
    3479.3      4.77438E-03
    3489.2      4.97667E-03
    3499.1      5.18524E-03
    3509.0      5.40018E-03
    3518.9      5.62165E-03
    3528.8      5.84976E-03
    3538.7      6.08475E-03
    3548.6      6.32667E-03
    3558.6      6.57556E-03
    3568.5      6.83151E-03
    3578.4      7.09462E-03
    3588.3      7.36500E-03
    3598.2      7.64339E-03
    3608.1      7.92952E-03
    3618.0      8.22325E-03
    3627.9      8.52469E-03
    3637.8      8.83391E-03
    3647.7      9.15109E-03
    3657.7      9.47661E-03
    3667.6      9.81028E-03
    3677.5      1.01521E-02
    3687.4      1.05023E-02
    3697.3      1.08609E-02
    3707.2      1.12279E-02
    3717.1      1.16040E-02
    3727.0      1.19887E-02
    3736.9      1.23822E-02
    3746.8      1.27845E-02
    3756.8      1.31957E-02
    3766.7      1.36159E-02
    3776.6      1.40462E-02
    3786.5      1.44858E-02
    3796.4      1.49347E-02
    3806.3      1.53928E-02
    3816.2      1.58605E-02
    3826.1      1.63374E-02
    3836.0      1.68241E-02
    3845.9      1.73207E-02
    3855.9      1.78268E-02
    3865.8      1.83427E-02
    3875.7      1.88682E-02
    3885.6      1.94036E-02
    3895.5      1.99494E-02
    3905.4      2.05057E-02
    3915.3      2.10720E-02
    3925.2      2.16485E-02
    3935.1      2.22349E-02
    3945.0      2.28314E-02
    3955.0      2.34383E-02
    3964.9      2.40562E-02
    3974.8      2.46844E-02
    3984.7      2.53229E-02
    3994.6      2.59715E-02
    4004.5      2.66308E-02
    4014.4      2.73001E-02
    4024.3      2.79805E-02
    4034.2      2.86715E-02
    4044.1      2.93728E-02
    4054.1      3.00846E-02
    4064.0      3.08071E-02
    4073.9      3.15398E-02
    4083.8      3.22833E-02
    4093.7      3.30389E-02
    4103.6      3.38052E-02
    4113.5      3.45819E-02
    4123.4      3.53691E-02
    4133.3      3.61669E-02
    4143.2      3.69753E-02
    4153.2      3.77944E-02
    4163.1      3.86245E-02
    4173.0      3.94650E-02
    4182.9      4.03160E-02
    4192.8      4.11777E-02
    4202.7      4.20496E-02
    4212.6      4.29322E-02
    4222.5      4.38260E-02
    4232.4      4.47308E-02
    4242.3      4.56459E-02
    4252.3      4.65715E-02
    4262.2      4.75072E-02
    4272.1      4.84537E-02
    4282.0      4.94101E-02
    4291.9      5.03784E-02
    4301.8      5.13572E-02
    4311.7      5.23465E-02
    4321.6      5.33457E-02
    4331.5      5.43554E-02
    4341.4      5.53749E-02
    4351.4      5.64047E-02
    4361.3      5.74454E-02
    4371.2      5.84961E-02
    4381.1      5.95566E-02
    4391.0      6.06272E-02
    4400.9      6.17076E-02
    4410.8      6.27980E-02
    4420.7      6.38978E-02
    4430.6      6.50089E-02
    4440.5      6.61302E-02
    4450.5      6.72614E-02
    4460.4      6.84018E-02
    4470.3      6.95519E-02
    4480.2      7.07114E-02
    4490.1      7.18803E-02
    4500.0      7.30592E-02
    4509.9      7.42481E-02
    4519.8      7.54460E-02
    4529.7      7.66533E-02
    4539.6      7.78693E-02
    4549.5      7.90946E-02
    4559.5      8.03285E-02
    4569.4      8.15717E-02
    4579.3      8.28246E-02
    4589.2      8.40865E-02
    4599.1      8.53570E-02
    4609.0      8.66360E-02
    4618.9      8.79234E-02
    4628.8      8.92195E-02
    4638.7      9.05235E-02
    4648.6      9.18379E-02
    4658.6      9.31612E-02
    4668.5      9.44925E-02
    4678.4      9.58317E-02
    4688.3      9.71792E-02
    4698.2      9.85344E-02
    4708.1      9.98977E-02
    4718.0      0.10127    
    4727.9      0.10265    
    4737.8      0.10403    
    4747.7      0.10543    
    4757.7      0.10683    
    4767.6      0.10824    
    4777.5      0.10966    
    4787.4      0.11108    
    4797.3      0.11251    
    4807.2      0.11395    
    4817.1      0.11539    
    4827.0      0.11685    
    4836.9      0.11831    
    4846.8      0.11977    
    4856.8      0.12124    
    4866.7      0.12272    
    4876.6      0.12421    
    4886.5      0.12570    
    4896.4      0.12720    
    4906.3      0.12871    
    4916.2      0.13022    
    4926.1      0.13174    
    4936.0      0.13326    
    4945.9      0.13479    
    4955.9      0.13633    
    4965.8      0.13787    
    4975.7      0.13942    
    4985.6      0.14097    
    4995.5      0.14253    
    5005.4      0.14409    
    5015.3      0.14566    
    5025.2      0.14723    
    5035.1      0.14881    
    5045.0      0.15040    
    5055.0      0.15199    
    5064.9      0.15359    
    5074.8      0.15519    
    5084.7      0.15679    
    5094.6      0.15841    
    5104.5      0.16002    
    5114.4      0.16164    
    5124.3      0.16326    
    5134.2      0.16489    
    5144.1      0.16652    
    5154.1      0.16816    
    5164.0      0.16980    
    5173.9      0.17144    
    5183.8      0.17309    
    5193.7      0.17474    
    5203.6      0.17640    
    5213.5      0.17806    
    5223.4      0.17972    
    5233.3      0.18138    
    5243.2      0.18305    
    5253.2      0.18472    
    5263.1      0.18640    
    5273.0      0.18808    
    5282.9      0.18976    
    5292.8      0.19145    
    5302.7      0.19313    
    5312.6      0.19483    
    5322.5      0.19652    
    5332.4      0.19822    
    5342.3      0.19992    
    5352.3      0.20162    
    5362.2      0.20332    
    5372.1      0.20503    
    5382.0      0.20674    
    5391.9      0.20845    
    5401.8      0.21016    
    5411.7      0.21188    
    5421.6      0.21359    
    5431.5      0.21531    
    5441.4      0.21703    
    5451.4      0.21875    
    5461.3      0.22048    
    5471.2      0.22221    
    5481.1      0.22393    
    5491.0      0.22566    
    5500.9      0.22740    
    5510.8      0.22913    
    5520.7      0.23086    
    5530.6      0.23260    
    5540.5      0.23433    
    5550.5      0.23607    
    5560.4      0.23781    
    5570.3      0.23955    
    5580.2      0.24129    
    5590.1      0.24303    
    5600.0      0.24477    
    5609.9      0.24651    
    5619.8      0.24826    
    5629.7      0.25000    
    5639.6      0.25174    
    5649.5      0.25349    
    5659.5      0.25524    
    5669.4      0.25698    
    5679.3      0.25873    
    5689.2      0.26047    
    5699.1      0.26222    
    5709.0      0.26396    
    5718.9      0.26571    
    5728.8      0.26746    
    5738.7      0.26920    
    5748.6      0.27095    
    5758.6      0.27269    
    5768.5      0.27444    
    5778.4      0.27618    
    5788.3      0.27793    
    5798.2      0.27967    
    5808.1      0.28142    
    5818.0      0.28316    
    5827.9      0.28490    
    5837.8      0.28664    
    5847.7      0.28838    
    5857.7      0.29012    
    5867.6      0.29186    
    5877.5      0.29360    
    5887.4      0.29534    
    5897.3      0.29708    
    5907.2      0.29881    
    5917.1      0.30055    
    5927.0      0.30228    
    5936.9      0.30402    
    5946.8      0.30575    
    5956.8      0.30748    
    5966.7      0.30921    
    5976.6      0.31094    
    5986.5      0.31267    
    5996.4      0.31439    
    6006.3      0.31612    
    6016.2      0.31784    
    6026.1      0.31957    
    6036.0      0.32129    
    6045.9      0.32301    
    6055.9      0.32472    
    6065.8      0.32644    
    6075.7      0.32815    
    6085.6      0.32986    
    6095.5      0.33157    
    6105.4      0.33328    
    6115.3      0.33499    
    6125.2      0.33669    
    6135.1      0.33840    
    6145.0      0.34010    
    6155.0      0.34180    
    6164.9      0.34349    
    6174.8      0.34519    
    6184.7      0.34688    
    6194.6      0.34857    
    6204.5      0.35026    
    6214.4      0.35194    
    6224.3      0.35363    
    6234.2      0.35531    
    6244.1      0.35699    
    6254.1      0.35866    
    6264.0      0.36034    
    6273.9      0.36201    
    6283.8      0.36368    
    6293.7      0.36534    
    6303.6      0.36701    
    6313.5      0.36867    
    6323.4      0.37033    
    6333.3      0.37199    
    6343.2      0.37364    
    6353.2      0.37529    
    6363.1      0.37695    
    6373.0      0.37860    
    6382.9      0.38025    
    6392.8      0.38189    
    6402.7      0.38354    
    6412.6      0.38518    
    6422.5      0.38681    
    6432.4      0.38845    
    6442.3      0.39008    
    6452.3      0.39170    
    6462.2      0.39333    
    6472.1      0.39495    
    6482.0      0.39656    
    6491.9      0.39818    
    6501.8      0.39979    
    6511.7      0.40140    
    6521.6      0.40300    
    6531.5      0.40460    
    6541.4      0.40620    
    6551.4      0.40780    
    6561.3      0.40939    
    6571.2      0.41098    
    6581.1      0.41257    
    6591.0      0.41415    
    6600.9      0.41574    
    6610.8      0.41731    
    6620.7      0.41889    
    6630.6      0.42046    
    6640.5      0.42203    
    6650.5      0.42360    
    6660.4      0.42516    
    6670.3      0.42672    
    6680.2      0.42828    
    6690.1      0.42983    
    6700.0      0.43138    
    6709.9      0.43293    
    6719.8      0.43448    
    6729.7      0.43602    
    6739.6      0.43756    
    6749.5      0.43909    
    6759.5      0.44062    
    6769.4      0.44215    
    6779.3      0.44367    
    6789.2      0.44520    
    6799.1      0.44671    
    6809.0      0.44823    
    6818.9      0.44974    
    6828.8      0.45125    
    6838.7      0.45275    
    6848.6      0.45425    
    6858.6      0.45575    
    6868.5      0.45724    
    6878.4      0.45874    
    6888.3      0.46022    
    6898.2      0.46171    
    6908.1      0.46319    
    6918.0      0.46466    
    6927.9      0.46614    
    6937.8      0.46761    
    6947.7      0.46907    
    6957.7      0.47054    
    6967.6      0.47199    
    6977.5      0.47345    
    6987.4      0.47491    
    6997.3      0.47636    
    7007.2      0.47780    
    7017.1      0.47924    
    7027.0      0.48068    
    7036.9      0.48212    
    7046.8      0.48355    
    7056.8      0.48498    
    7066.7      0.48640    
    7076.6      0.48783    
    7086.5      0.48924    
    7096.4      0.49066    
    7106.3      0.49207    
    7116.2      0.49348    
    7126.1      0.49488    
    7136.0      0.49628    
    7145.9      0.49768    
    7155.9      0.49907    
    7165.8      0.50046    
    7175.7      0.50185    
    7185.6      0.50323    
    7195.5      0.50461    
    7205.4      0.50598    
    7215.3      0.50736    
    7225.2      0.50873    
    7235.1      0.51009    
    7245.0      0.51145    
    7255.0      0.51281    
    7264.9      0.51416    
    7274.8      0.51551    
    7284.7      0.51686    
    7294.6      0.51820    
    7304.5      0.51954    
    7314.4      0.52088    
    7324.3      0.52221    
    7334.2      0.52354    
    7344.1      0.52487    
    7354.1      0.52619    
    7364.0      0.52751    
    7373.9      0.52883    
    7383.8      0.53014    
    7393.7      0.53145    
    7403.6      0.53276    
    7413.5      0.53406    
    7423.4      0.53535    
    7433.3      0.53665    
    7443.2      0.53794    
    7453.2      0.53923    
    7463.1      0.54051    
    7473.0      0.54179    
    7482.9      0.54307    
    7492.8      0.54434    
    7502.7      0.54561    
    7512.6      0.54688    
    7522.5      0.54814    
    7532.4      0.54940    
    7542.3      0.55065    
    7552.3      0.55190    
    7562.2      0.55315    
    7572.1      0.55440    
    7582.0      0.55564    
    7591.9      0.55688    
    7601.8      0.55811    
    7611.7      0.55934    
    7621.6      0.56057    
    7631.5      0.56179    
    7641.4      0.56301    
    7651.4      0.56423    
    7661.3      0.56544    
    7671.2      0.56665    
    7681.1      0.56786    
    7691.0      0.56906    
    7700.9      0.57026    
    7710.8      0.57146    
    7720.7      0.57265    
    7730.6      0.57384    
    7740.5      0.57503    
    7750.5      0.57621    
    7760.4      0.57739    
    7770.3      0.57857    
    7780.2      0.57974    
    7790.1      0.58091    
    7800.0      0.58207    
    7809.9      0.58324    
    7819.8      0.58440    
    7829.7      0.58555    
    7839.6      0.58670    
    7849.5      0.58785    
    7859.5      0.58900    
    7869.4      0.59014    
    7879.3      0.59128    
    7889.2      0.59241    
    7899.1      0.59355    
    7909.0      0.59467    
    7918.9      0.59580    
    7928.8      0.59692    
    7938.7      0.59804    
    7948.6      0.59916    
    7958.6      0.60027    
    7968.5      0.60138    
    7978.4      0.60248    
    7988.3      0.60359    
    7998.2      0.60469    
    8008.1      0.60578    
    8018.0      0.60687    
    8027.9      0.60796    
    8037.8      0.60905    
    8047.7      0.61013    
    8057.7      0.61121    
    8067.6      0.61229    
    8077.5      0.61336    
    8087.4      0.61443    
    8097.3      0.61550    
    8107.2      0.61656    
    8117.1      0.61762    
    8127.0      0.61868    
    8136.9      0.61973    
    8146.8      0.62078    
    8156.8      0.62183    
    8166.7      0.62288    
    8176.6      0.62392    
    8186.5      0.62495    
    8196.4      0.62599    
    8206.3      0.62702    
    8216.2      0.62805    
    8226.1      0.62908    
    8236.0      0.63010    
    8245.9      0.63112    
    8255.9      0.63213    
    8265.8      0.63315    
    8275.7      0.63416    
    8285.6      0.63516    
    8295.5      0.63617    
    8305.4      0.63717    
    8315.3      0.63816    
    8325.2      0.63916    
    8335.1      0.64015    
    8345.0      0.64114    
    8355.0      0.64213    
    8364.9      0.64311    
    8374.8      0.64409    
    8384.7      0.64507    
    8394.6      0.64604    
    8404.5      0.64701    
    8414.4      0.64798    
    8424.3      0.64894    
    8434.2      0.64990    
    8444.1      0.65086    
    8454.1      0.65182    
    8464.0      0.65277    
    8473.9      0.65372    
    8483.8      0.65467    
    8493.7      0.65561    
    8503.6      0.65655    
    8513.5      0.65749    
    8523.4      0.65843    
    8533.3      0.65936    
    8543.2      0.66029    
    8553.2      0.66122    
    8563.1      0.66214    
    8573.0      0.66306    
    8582.9      0.66398    
    8592.8      0.66489    
    8602.7      0.66581    
    8612.6      0.66672    
    8622.5      0.66762    
    8632.4      0.66853    
    8642.3      0.66943    
    8652.3      0.67033    
    8662.2      0.67122    
    8672.1      0.67212    
    8682.0      0.67301    
    8691.9      0.67389    
    8701.8      0.67478    
    8711.7      0.67566    
    8721.6      0.67654    
    8731.5      0.67742    
    8741.4      0.67829    
    8751.4      0.67916    
    8761.3      0.68003    
    8771.2      0.68090    
    8781.1      0.68176    
    8791.0      0.68262    
    8800.9      0.68348    
    8810.8      0.68433    
    8820.7      0.68518    
    8830.6      0.68603    
    8840.5      0.68688    
    8850.5      0.68772    
    8860.4      0.68857    
    8870.3      0.68940    
    8880.2      0.69024    
    8890.1      0.69107    
    8900.0      0.69191    
    8909.9      0.69273    
    8919.8      0.69356    
    8929.7      0.69438    
    8939.6      0.69520    
    8949.5      0.69602    
    8959.5      0.69684    
    8969.4      0.69765    
    8979.3      0.69846    
    8989.2      0.69927    
    8999.1      0.70007    
    9009.0      0.70087    
    9018.9      0.70168    
    9028.8      0.70247    
    9038.7      0.70327    
    9048.6      0.70406    
    9058.6      0.70485    
    9068.5      0.70564    
    9078.4      0.70643    
    9088.3      0.70721    
    9098.2      0.70799    
    9108.1      0.70877    
    9118.0      0.70955    
    9127.9      0.71032    
    9137.8      0.71109    
    9147.7      0.71186    
    9157.7      0.71262    
    9167.6      0.71339    
    9177.5      0.71415    
    9187.4      0.71491    
    9197.3      0.71567    
    9207.2      0.71642    
    9217.1      0.71717    
    9227.0      0.71792    
    9236.9      0.71867    
    9246.8      0.71941    
    9256.8      0.72015    
    9266.7      0.72089    
    9276.6      0.72163    
    9286.5      0.72237    
    9296.4      0.72310    
    9306.3      0.72383    
    9316.2      0.72456    
    9326.1      0.72529    
    9336.0      0.72601    
    9345.9      0.72673    
    9355.9      0.72745    
    9365.8      0.72817    
    9375.7      0.72888    
    9385.6      0.72960    
    9395.5      0.73031    
    9405.4      0.73101    
    9415.3      0.73172    
    9425.2      0.73242    
    9435.1      0.73312    
    9445.0      0.73382    
    9455.0      0.73452    
    9464.9      0.73522    
    9474.8      0.73591    
    9484.7      0.73660    
    9494.6      0.73729    
    9504.5      0.73798    
    9514.4      0.73866    
    9524.3      0.73934    
    9534.2      0.74002    
    9544.1      0.74070    
    9554.1      0.74138    
    9564.0      0.74205    
    9573.9      0.74272    
    9583.8      0.74339    
    9593.7      0.74406    
    9603.6      0.74472    
    9613.5      0.74539    
    9623.4      0.74605    
    9633.3      0.74671    
    9643.2      0.74736    
    9653.2      0.74802    
    9663.1      0.74867    
    9673.0      0.74932    
    9682.9      0.74997    
    9692.8      0.75062    
    9702.7      0.75126    
    9712.6      0.75191    
    9722.5      0.75255    
    9732.4      0.75319    
    9742.3      0.75382    
    9752.3      0.75446    
    9762.2      0.75509    
    9772.1      0.75572    
    9782.0      0.75635    
    9791.9      0.75698    
    9801.8      0.75760    
    9811.7      0.75822    
    9821.6      0.75885    
    9831.5      0.75946    
    9841.4      0.76008    
    9851.4      0.76070    
    9861.3      0.76131    
    9871.2      0.76192    
    9881.1      0.76253    
    9891.0      0.76314    
    9900.9      0.76374    
    9910.8      0.76435    
    9920.7      0.76495    
    9930.6      0.76555    
    9940.5      0.76615    
    9950.5      0.76675    
    9960.4      0.76734    
    9970.3      0.76793    
    9980.2      0.76852    
    9990.1      0.76911    
    10000.      0.76970    