 Si Density=2.33 Thickness=9.5 microns
 Photon energy (eV), Transmission
    1000.0      2.88078E-02
    1009.0      3.15789E-02
    1018.0      3.45078E-02
    1027.0      3.75958E-02
    1036.0      4.08413E-02
    1045.0      4.42426E-02
    1054.1      4.78002E-02
    1063.1      5.15132E-02
    1072.1      5.53784E-02
    1081.1      5.93936E-02
    1090.1      6.34401E-02
    1099.1      6.74996E-02
    1108.1      7.15852E-02
    1117.1      7.57015E-02
    1126.1      7.99276E-02
    1135.1      8.42598E-02
    1144.1      8.86938E-02
    1153.2      9.32259E-02
    1162.2      9.78519E-02
    1171.2      0.10257    
    1180.2      0.10737    
    1189.2      0.11226    
    1198.2      0.11724    
    1207.2      0.12230    
    1216.2      0.12743    
    1225.2      0.13263    
    1234.2      0.13791    
    1243.2      0.14324    
    1252.3      0.14864    
    1261.3      0.15409    
    1270.3      0.15959    
    1279.3      0.16514    
    1288.3      0.17073    
    1297.3      0.17637    
    1306.3      0.18208    
    1315.3      0.18782    
    1324.3      0.19359    
    1333.3      0.19940    
    1342.3      0.20523    
    1351.4      0.21108    
    1360.4      0.21696    
    1369.4      0.22285    
    1378.4      0.22875    
    1387.4      0.23467    
    1396.4      0.24061    
    1405.4      0.24655    
    1414.4      0.25251    
    1423.4      0.25846    
    1432.4      0.26442    
    1441.4      0.27038    
    1450.5      0.27634    
    1459.5      0.28228    
    1468.5      0.28822    
    1477.5      0.29414    
    1486.5      0.30005    
    1495.5      0.30595    
    1504.5      0.31198    
    1513.5      0.31802    
    1522.5      0.32403    
    1531.5      0.33003    
    1540.5      0.33601    
    1549.5      0.34197    
    1558.6      0.34791    
    1567.6      0.35381    
    1576.6      0.35969    
    1585.6      0.36553    
    1594.6      0.37134    
    1603.6      0.37712    
    1612.6      0.38286    
    1621.6      0.38857    
    1630.6      0.39424    
    1639.6      0.39988    
    1648.6      0.40547    
    1657.7      0.41103    
    1666.7      0.41655    
    1675.7      0.42203    
    1684.7      0.42747    
    1693.7      0.43286    
    1702.7      0.43822    
    1711.7      0.44353    
    1720.7      0.44880    
    1729.7      0.45404    
    1738.7      0.45938    
    1747.7      0.46467    
    1756.8      0.46992    
    1765.8      0.47514    
    1774.8      0.48033    
    1783.8      0.48547    
    1792.8      0.49058    
    1801.8      0.49565    
    1810.8      0.50068    
    1819.8      0.50565    
    1828.8      0.51058    
    1837.8      0.51547    
    1846.8      5.98399E-04
    1855.9      6.52063E-04
    1864.9      7.09544E-04
    1873.9      7.71034E-04
    1882.9      8.36726E-04
    1891.9      9.06825E-04
    1900.9      9.81550E-04
    1909.9      1.06109E-03
    1918.9      1.14566E-03
    1927.9      1.23549E-03
    1936.9      1.33078E-03
    1945.9      1.43176E-03
    1955.0      1.53865E-03
    1964.0      1.65168E-03
    1973.0      1.77107E-03
    1982.0      1.89705E-03
    1991.0      2.03030E-03
    2000.0      2.17073E-03
    2009.0      2.31852E-03
    2018.0      2.47410E-03
    2027.0      2.63802E-03
    2036.0      2.81009E-03
    2045.0      2.99055E-03
    2054.1      3.17981E-03
    2063.1      3.37803E-03
    2072.1      3.58541E-03
    2081.1      3.80218E-03
    2090.1      4.03362E-03
    2099.1      4.27541E-03
    2108.1      4.52782E-03
    2117.1      4.79133E-03
    2126.1      5.06680E-03
    2135.1      5.35371E-03
    2144.1      5.65234E-03
    2153.2      5.96369E-03
    2162.2      6.28814E-03
    2171.2      6.62520E-03
    2180.2      6.97509E-03
    2189.2      7.33944E-03
    2198.2      7.71812E-03
    2207.2      8.11057E-03
    2216.2      8.51693E-03
    2225.2      8.93834E-03
    2234.2      9.37459E-03
    2243.2      9.82553E-03
    2252.3      1.02914E-02
    2261.3      1.07742E-02
    2270.3      1.12733E-02
    2279.3      1.17880E-02
    2288.3      1.23186E-02
    2297.3      1.28671E-02
    2306.3      1.34330E-02
    2315.3      1.40154E-02
    2324.3      1.46146E-02
    2333.3      1.52318E-02
    2342.3      1.58670E-02
    2351.4      1.65196E-02
    2360.4      1.71897E-02
    2369.4      1.78788E-02
    2378.4      1.85885E-02
    2387.4      1.93162E-02
    2396.4      2.00622E-02
    2405.4      2.08267E-02
    2414.4      2.16115E-02
    2423.4      2.24149E-02
    2432.4      2.32370E-02
    2441.4      2.40779E-02
    2450.5      2.49407E-02
    2459.5      2.58234E-02
    2468.5      2.67253E-02
    2477.5      2.76463E-02
    2486.5      2.85880E-02
    2495.5      2.95512E-02
    2504.5      3.05338E-02
    2513.5      3.15358E-02
    2522.5      3.25572E-02
    2531.5      3.36004E-02
    2540.5      3.46631E-02
    2549.5      3.57453E-02
    2558.6      3.68470E-02
    2567.6      3.79707E-02
    2576.6      3.91175E-02
    2585.6      4.02839E-02
    2594.6      4.14697E-02
    2603.6      4.26751E-02
    2612.6      4.39023E-02
    2621.6      4.51495E-02
    2630.6      4.64162E-02
    2639.6      4.77020E-02
    2648.6      4.90076E-02
    2657.7      5.03350E-02
    2666.7      5.16816E-02
    2675.7      5.30472E-02
    2684.7      5.44315E-02
    2693.7      5.58378E-02
    2702.7      5.72675E-02
    2711.7      5.87160E-02
    2720.7      6.01831E-02
    2729.7      6.16685E-02
    2738.7      6.31737E-02
    2747.7      6.46981E-02
    2756.8      6.62407E-02
    2765.8      6.78010E-02
    2774.8      6.93791E-02
    2783.8      7.09775E-02
    2792.8      7.25950E-02
    2801.8      7.42296E-02
    2810.8      7.58815E-02
    2819.8      7.75502E-02
    2828.8      7.92395E-02
    2837.8      8.09476E-02
    2846.8      8.26722E-02
    2855.9      8.44133E-02
    2864.9      8.61701E-02
    2873.9      8.79452E-02
    2882.9      8.97376E-02
    2891.9      9.15456E-02
    2900.9      9.33687E-02
    2909.9      9.52070E-02
    2918.9      9.70634E-02
    2927.9      9.89384E-02
    2936.9      0.10083    
    2945.9      0.10273    
    2955.0      0.10465    
    2964.0      0.10658    
    2973.0      0.10853    
    2982.0      0.11049    
    2991.0      0.11247    
    3000.0      0.11446    
    3009.0      0.11646    
    3018.0      0.11848    
    3027.0      0.12051    
    3036.0      0.12255    
    3045.0      0.12460    
    3054.1      0.12667    
    3063.1      0.12875    
    3072.1      0.13085    
    3081.1      0.13296    
    3090.1      0.13507    
    3099.1      0.13720    
    3108.1      0.13934    
    3117.1      0.14149    
    3126.1      0.14365    
    3135.1      0.14582    
    3144.1      0.14800    
    3153.2      0.15019    
    3162.2      0.15239    
    3171.2      0.15461    
    3180.2      0.15683    
    3189.2      0.15906    
    3198.2      0.16130    
    3207.2      0.16355    
    3216.2      0.16580    
    3225.2      0.16807    
    3234.2      0.17034    
    3243.2      0.17262    
    3252.3      0.17491    
    3261.3      0.17720    
    3270.3      0.17950    
    3279.3      0.18181    
    3288.3      0.18413    
    3297.3      0.18645    
    3306.3      0.18878    
    3315.3      0.19111    
    3324.3      0.19345    
    3333.3      0.19580    
    3342.3      0.19816    
    3351.4      0.20051    
    3360.4      0.20288    
    3369.4      0.20524    
    3378.4      0.20761    
    3387.4      0.20999    
    3396.4      0.21237    
    3405.4      0.21475    
    3414.4      0.21714    
    3423.4      0.21953    
    3432.4      0.22192    
    3441.4      0.22432    
    3450.5      0.22672    
    3459.5      0.22912    
    3468.5      0.23153    
    3477.5      0.23394    
    3486.5      0.23635    
    3495.5      0.23876    
    3504.5      0.24118    
    3513.5      0.24360    
    3522.5      0.24601    
    3531.5      0.24843    
    3540.5      0.25085    
    3549.5      0.25327    
    3558.6      0.25570    
    3567.6      0.25812    
    3576.6      0.26054    
    3585.6      0.26296    
    3594.6      0.26539    
    3603.6      0.26781    
    3612.6      0.27024    
    3621.6      0.27267    
    3630.6      0.27509    
    3639.6      0.27752    
    3648.6      0.27994    
    3657.7      0.28236    
    3666.7      0.28478    
    3675.7      0.28721    
    3684.7      0.28962    
    3693.7      0.29204    
    3702.7      0.29446    
    3711.7      0.29687    
    3720.7      0.29928    
    3729.7      0.30169    
    3738.7      0.30410    
    3747.7      0.30651    
    3756.8      0.30891    
    3765.8      0.31131    
    3774.8      0.31371    
    3783.8      0.31611    
    3792.8      0.31851    
    3801.8      0.32090    
    3810.8      0.32329    
    3819.8      0.32568    
    3828.8      0.32806    
    3837.8      0.33044    
    3846.8      0.33282    
    3855.9      0.33519    
    3864.9      0.33756    
    3873.9      0.33992    
    3882.9      0.34228    
    3891.9      0.34464    
    3900.9      0.34700    
    3909.9      0.34935    
    3918.9      0.35170    
    3927.9      0.35404    
    3936.9      0.35638    
    3945.9      0.35871    
    3955.0      0.36104    
    3964.0      0.36336    
    3973.0      0.36568    
    3982.0      0.36800    
    3991.0      0.37031    
    4000.0      0.37262    
    4009.0      0.37492    
    4018.0      0.37721    
    4027.0      0.37951    
    4036.0      0.38179    
    4045.0      0.38407    
    4054.1      0.38635    
    4063.1      0.38862    
    4072.1      0.39088    
    4081.1      0.39314    
    4090.1      0.39540    
    4099.1      0.39765    
    4108.1      0.39989    
    4117.1      0.40213    
    4126.1      0.40437    
    4135.1      0.40659    
    4144.1      0.40881    
    4153.2      0.41103    
    4162.2      0.41324    
    4171.2      0.41544    
    4180.2      0.41764    
    4189.2      0.41983    
    4198.2      0.42202    
    4207.2      0.42419    
    4216.2      0.42637    
    4225.2      0.42854    
    4234.2      0.43070    
    4243.2      0.43285    
    4252.3      0.43500    
    4261.3      0.43714    
    4270.3      0.43928    
    4279.3      0.44141    
    4288.3      0.44353    
    4297.3      0.44565    
    4306.3      0.44776    
    4315.3      0.44987    
    4324.3      0.45196    
    4333.3      0.45405    
    4342.3      0.45614    
    4351.4      0.45822    
    4360.4      0.46029    
    4369.4      0.46235    
    4378.4      0.46441    
    4387.4      0.46647    
    4396.4      0.46851    
    4405.4      0.47055    
    4414.4      0.47258    
    4423.4      0.47460    
    4432.4      0.47662    
    4441.4      0.47864    
    4450.5      0.48064    
    4459.5      0.48264    
    4468.5      0.48463    
    4477.5      0.48662    
    4486.5      0.48860    
    4495.5      0.49057    
    4504.5      0.49253    
    4513.5      0.49449    
    4522.5      0.49644    
    4531.5      0.49839    
    4540.5      0.50033    
    4549.5      0.50226    
    4558.6      0.50418    
    4567.6      0.50610    
    4576.6      0.50801    
    4585.6      0.50991    
    4594.6      0.51181    
    4603.6      0.51370    
    4612.6      0.51558    
    4621.6      0.51745    
    4630.6      0.51932    
    4639.6      0.52118    
    4648.6      0.52304    
    4657.7      0.52489    
    4666.7      0.52673    
    4675.7      0.52857    
    4684.7      0.53040    
    4693.7      0.53222    
    4702.7      0.53403    
    4711.7      0.53584    
    4720.7      0.53764    
    4729.7      0.53944    
    4738.7      0.54122    
    4747.7      0.54300    
    4756.8      0.54478    
    4765.8      0.54654    
    4774.8      0.54830    
    4783.8      0.55006    
    4792.8      0.55180    
    4801.8      0.55354    
    4810.8      0.55527    
    4819.8      0.55700    
    4828.8      0.55872    
    4837.8      0.56043    
    4846.8      0.56213    
    4855.9      0.56383    
    4864.9      0.56552    
    4873.9      0.56721    
    4882.9      0.56889    
    4891.9      0.57056    
    4900.9      0.57223    
    4909.9      0.57388    
    4918.9      0.57554    
    4927.9      0.57718    
    4936.9      0.57882    
    4945.9      0.58045    
    4955.0      0.58208    
    4964.0      0.58370    
    4973.0      0.58531    
    4982.0      0.58691    
    4991.0      0.58851    
    5000.0      0.59010    
    5009.0      0.59169    
    5018.0      0.59327    
    5027.0      0.59484    
    5036.0      0.59641    
    5045.0      0.59797    
    5054.1      0.59953    
    5063.1      0.60108    
    5072.1      0.60262    
    5081.1      0.60416    
    5090.1      0.60569    
    5099.1      0.60721    
    5108.1      0.60873    
    5117.1      0.61024    
    5126.1      0.61174    
    5135.1      0.61324    
    5144.1      0.61473    
    5153.2      0.61622    
    5162.2      0.61770    
    5171.2      0.61917    
    5180.2      0.62064    
    5189.2      0.62210    
    5198.2      0.62355    
    5207.2      0.62500    
    5216.2      0.62644    
    5225.2      0.62788    
    5234.2      0.62931    
    5243.2      0.63073    
    5252.3      0.63215    
    5261.3      0.63356    
    5270.3      0.63496    
    5279.3      0.63636    
    5288.3      0.63775    
    5297.3      0.63914    
    5306.3      0.64053    
    5315.3      0.64190    
    5324.3      0.64327    
    5333.3      0.64464    
    5342.3      0.64600    
    5351.4      0.64735    
    5360.4      0.64870    
    5369.4      0.65004    
    5378.4      0.65137    
    5387.4      0.65270    
    5396.4      0.65403    
    5405.4      0.65535    
    5414.4      0.65666    
    5423.4      0.65796    
    5432.4      0.65927    
    5441.4      0.66056    
    5450.5      0.66185    
    5459.5      0.66314    
    5468.5      0.66442    
    5477.5      0.66569    
    5486.5      0.66696    
    5495.5      0.66822    
    5504.5      0.66948    
    5513.5      0.67073    
    5522.5      0.67198    
    5531.5      0.67322    
    5540.5      0.67446    
    5549.5      0.67569    
    5558.6      0.67691    
    5567.6      0.67813    
    5576.6      0.67935    
    5585.6      0.68056    
    5594.6      0.68176    
    5603.6      0.68296    
    5612.6      0.68416    
    5621.6      0.68534    
    5630.6      0.68653    
    5639.6      0.68771    
    5648.6      0.68888    
    5657.7      0.69005    
    5666.7      0.69121    
    5675.7      0.69237    
    5684.7      0.69352    
    5693.7      0.69467    
    5702.7      0.69581    
    5711.7      0.69695    
    5720.7      0.69808    
    5729.7      0.69921    
    5738.7      0.70034    
    5747.7      0.70146    
    5756.8      0.70257    
    5765.8      0.70368    
    5774.8      0.70478    
    5783.8      0.70588    
    5792.8      0.70697    
    5801.8      0.70806    
    5810.8      0.70915    
    5819.8      0.71023    
    5828.8      0.71130    
    5837.8      0.71237    
    5846.8      0.71344    
    5855.9      0.71450    
    5864.9      0.71556    
    5873.9      0.71661    
    5882.9      0.71765    
    5891.9      0.71870    
    5900.9      0.71973    
    5909.9      0.72077    
    5918.9      0.72180    
    5927.9      0.72282    
    5936.9      0.72384    
    5945.9      0.72486    
    5955.0      0.72587    
    5964.0      0.72688    
    5973.0      0.72788    
    5982.0      0.72888    
    5991.0      0.72987    
    6000.0      0.73086    
    6009.0      0.73185    
    6018.0      0.73283    
    6027.0      0.73381    
    6036.0      0.73478    
    6045.0      0.73575    
    6054.1      0.73671    
    6063.1      0.73767    
    6072.1      0.73863    
    6081.1      0.73958    
    6090.1      0.74053    
    6099.1      0.74147    
    6108.1      0.74241    
    6117.1      0.74334    
    6126.1      0.74427    
    6135.1      0.74520    
    6144.1      0.74612    
    6153.2      0.74704    
    6162.2      0.74796    
    6171.2      0.74887    
    6180.2      0.74977    
    6189.2      0.75067    
    6198.2      0.75157    
    6207.2      0.75247    
    6216.2      0.75336    
    6225.2      0.75425    
    6234.2      0.75513    
    6243.2      0.75601    
    6252.3      0.75688    
    6261.3      0.75775    
    6270.3      0.75862    
    6279.3      0.75949    
    6288.3      0.76035    
    6297.3      0.76120    
    6306.3      0.76205    
    6315.3      0.76290    
    6324.3      0.76375    
    6333.3      0.76459    
    6342.3      0.76543    
    6351.4      0.76626    
    6360.4      0.76709    
    6369.4      0.76792    
    6378.4      0.76875    
    6387.4      0.76957    
    6396.4      0.77039    
    6405.4      0.77121    
    6414.4      0.77202    
    6423.4      0.77283    
    6432.4      0.77363    
    6441.4      0.77443    
    6450.5      0.77522    
    6459.5      0.77602    
    6468.5      0.77681    
    6477.5      0.77759    
    6486.5      0.77837    
    6495.5      0.77915    
    6504.5      0.77993    
    6513.5      0.78070    
    6522.5      0.78147    
    6531.5      0.78223    
    6540.5      0.78300    
    6549.5      0.78375    
    6558.6      0.78451    
    6567.6      0.78526    
    6576.6      0.78601    
    6585.6      0.78676    
    6594.6      0.78750    
    6603.6      0.78824    
    6612.6      0.78898    
    6621.6      0.78971    
    6630.6      0.79044    
    6639.6      0.79117    
    6648.6      0.79189    
    6657.7      0.79261    
    6666.7      0.79333    
    6675.7      0.79405    
    6684.7      0.79476    
    6693.7      0.79547    
    6702.7      0.79617    
    6711.7      0.79688    
    6720.7      0.79758    
    6729.7      0.79827    
    6738.7      0.79897    
    6747.7      0.79966    
    6756.8      0.80035    
    6765.8      0.80103    
    6774.8      0.80171    
    6783.8      0.80239    
    6792.8      0.80307    
    6801.8      0.80374    
    6810.8      0.80441    
    6819.8      0.80508    
    6828.8      0.80575    
    6837.8      0.80641    
    6846.8      0.80707    
    6855.9      0.80772    
    6864.9      0.80838    
    6873.9      0.80903    
    6882.9      0.80968    
    6891.9      0.81032    
    6900.9      0.81097    
    6909.9      0.81161    
    6918.9      0.81224    
    6927.9      0.81288    
    6936.9      0.81351    
    6945.9      0.81414    
    6955.0      0.81477    
    6964.0      0.81539    
    6973.0      0.81601    
    6982.0      0.81663    
    6991.0      0.81725    
    7000.0      0.81786    
    7009.0      0.81847    
    7018.0      0.81908    
    7027.0      0.81969    
    7036.0      0.82029    
    7045.0      0.82089    
    7054.1      0.82149    
    7063.1      0.82209    
    7072.1      0.82268    
    7081.1      0.82327    
    7090.1      0.82386    
    7099.1      0.82444    
    7108.1      0.82503    
    7117.1      0.82561    
    7126.1      0.82619    
    7135.1      0.82676    
    7144.1      0.82734    
    7153.2      0.82791    
    7162.2      0.82848    
    7171.2      0.82905    
    7180.2      0.82961    
    7189.2      0.83017    
    7198.2      0.83073    
    7207.2      0.83129    
    7216.2      0.83185    
    7225.2      0.83240    
    7234.2      0.83295    
    7243.2      0.83350    
    7252.3      0.83404    
    7261.3      0.83459    
    7270.3      0.83513    
    7279.3      0.83567    
    7288.3      0.83621    
    7297.3      0.83674    
    7306.3      0.83727    
    7315.3      0.83780    
    7324.3      0.83833    
    7333.3      0.83886    
    7342.3      0.83938    
    7351.4      0.83991    
    7360.4      0.84043    
    7369.4      0.84094    
    7378.4      0.84146    
    7387.4      0.84197    
    7396.4      0.84248    
    7405.4      0.84299    
    7414.4      0.84350    
    7423.4      0.84401    
    7432.4      0.84451    
    7441.4      0.84501    
    7450.5      0.84551    
    7459.5      0.84601    
    7468.5      0.84650    
    7477.5      0.84699    
    7486.5      0.84749    
    7495.5      0.84797    
    7504.5      0.84846    
    7513.5      0.84895    
    7522.5      0.84943    
    7531.5      0.84991    
    7540.5      0.85039    
    7549.5      0.85087    
    7558.6      0.85134    
    7567.6      0.85182    
    7576.6      0.85229    
    7585.6      0.85276    
    7594.6      0.85322    
    7603.6      0.85369    
    7612.6      0.85415    
    7621.6      0.85462    
    7630.6      0.85508    
    7639.6      0.85553    
    7648.6      0.85599    
    7657.7      0.85644    
    7666.7      0.85690    
    7675.7      0.85735    
    7684.7      0.85780    
    7693.7      0.85825    
    7702.7      0.85869    
    7711.7      0.85914    
    7720.7      0.85958    
    7729.7      0.86002    
    7738.7      0.86046    
    7747.7      0.86089    
    7756.8      0.86133    
    7765.8      0.86176    
    7774.8      0.86219    
    7783.8      0.86262    
    7792.8      0.86305    
    7801.8      0.86348    
    7810.8      0.86390    
    7819.8      0.86433    
    7828.8      0.86475    
    7837.8      0.86517    
    7846.8      0.86559    
    7855.9      0.86600    
    7864.9      0.86642    
    7873.9      0.86683    
    7882.9      0.86724    
    7891.9      0.86765    
    7900.9      0.86806    
    7909.9      0.86847    
    7918.9      0.86887    
    7927.9      0.86928    
    7936.9      0.86968    
    7945.9      0.87008    
    7955.0      0.87048    
    7964.0      0.87087    
    7973.0      0.87127    
    7982.0      0.87166    
    7991.0      0.87206    
    8000.0      0.87245    
    8009.0      0.87284    
    8018.0      0.87323    
    8027.0      0.87361    
    8036.0      0.87400    
    8045.0      0.87438    
    8054.1      0.87476    
    8063.1      0.87514    
    8072.1      0.87552    
    8081.1      0.87590    
    8090.1      0.87628    
    8099.1      0.87665    
    8108.1      0.87703    
    8117.1      0.87740    
    8126.1      0.87777    
    8135.1      0.87814    
    8144.1      0.87850    
    8153.2      0.87887    
    8162.2      0.87923    
    8171.2      0.87960    
    8180.2      0.87996    
    8189.2      0.88032    
    8198.2      0.88068    
    8207.2      0.88104    
    8216.2      0.88139    
    8225.2      0.88175    
    8234.2      0.88210    
    8243.2      0.88245    
    8252.3      0.88281    
    8261.3      0.88315    
    8270.3      0.88350    
    8279.3      0.88385    
    8288.3      0.88420    
    8297.3      0.88454    
    8306.3      0.88488    
    8315.3      0.88522    
    8324.3      0.88556    
    8333.3      0.88590    
    8342.3      0.88624    
    8351.4      0.88658    
    8360.4      0.88691    
    8369.4      0.88725    
    8378.4      0.88758    
    8387.4      0.88791    
    8396.4      0.88824    
    8405.4      0.88857    
    8414.4      0.88890    
    8423.4      0.88922    
    8432.4      0.88955    
    8441.4      0.88987    
    8450.5      0.89020    
    8459.5      0.89052    
    8468.5      0.89084    
    8477.5      0.89116    
    8486.5      0.89148    
    8495.5      0.89179    
    8504.5      0.89211    
    8513.5      0.89242    
    8522.5      0.89274    
    8531.5      0.89305    
    8540.5      0.89336    
    8549.5      0.89367    
    8558.6      0.89398    
    8567.6      0.89428    
    8576.6      0.89459    
    8585.6      0.89489    
    8594.6      0.89520    
    8603.6      0.89550    
    8612.6      0.89580    
    8621.6      0.89610    
    8630.6      0.89640    
    8639.6      0.89670    
    8648.6      0.89700    
    8657.7      0.89730    
    8666.7      0.89759    
    8675.7      0.89788    
    8684.7      0.89818    
    8693.7      0.89847    
    8702.7      0.89876    
    8711.7      0.89905    
    8720.7      0.89934    
    8729.7      0.89963    
    8738.7      0.89991    
    8747.7      0.90020    
    8756.8      0.90048    
    8765.8      0.90077    
    8774.8      0.90105    
    8783.8      0.90133    
    8792.8      0.90161    
    8801.8      0.90189    
    8810.8      0.90217    
    8819.8      0.90244    
    8828.8      0.90272    
    8837.8      0.90299    
    8846.8      0.90327    
    8855.9      0.90354    
    8864.9      0.90381    
    8873.9      0.90408    
    8882.9      0.90436    
    8891.9      0.90462    
    8900.9      0.90489    
    8909.9      0.90516    
    8918.9      0.90543    
    8927.9      0.90569    
    8936.9      0.90596    
    8945.9      0.90622    
    8955.0      0.90648    
    8964.0      0.90674    
    8973.0      0.90700    
    8982.0      0.90726    
    8991.0      0.90752    
    9000.0      0.90778    
    9009.0      0.90803    
    9018.0      0.90829    
    9027.0      0.90855    
    9036.0      0.90880    
    9045.0      0.90905    
    9054.1      0.90931    
    9063.1      0.90956    
    9072.1      0.90981    
    9081.1      0.91006    
    9090.1      0.91031    
    9099.1      0.91055    
    9108.1      0.91080    
    9117.1      0.91105    
    9126.1      0.91129    
    9135.1      0.91153    
    9144.1      0.91178    
    9153.2      0.91202    
    9162.2      0.91226    
    9171.2      0.91250    
    9180.2      0.91274    
    9189.2      0.91298    
    9198.2      0.91322    
    9207.2      0.91346    
    9216.2      0.91369    
    9225.2      0.91393    
    9234.2      0.91416    
    9243.2      0.91440    
    9252.3      0.91463    
    9261.3      0.91486    
    9270.3      0.91510    
    9279.3      0.91533    
    9288.3      0.91556    
    9297.3      0.91578    
    9306.3      0.91601    
    9315.3      0.91624    
    9324.3      0.91647    
    9333.3      0.91669    
    9342.3      0.91692    
    9351.4      0.91714    
    9360.4      0.91737    
    9369.4      0.91759    
    9378.4      0.91781    
    9387.4      0.91803    
    9396.4      0.91825    
    9405.4      0.91847    
    9414.4      0.91869    
    9423.4      0.91891    
    9432.4      0.91913    
    9441.4      0.91934    
    9450.5      0.91956    
    9459.5      0.91977    
    9468.5      0.91999    
    9477.5      0.92020    
    9486.5      0.92041    
    9495.5      0.92063    
    9504.5      0.92084    
    9513.5      0.92105    
    9522.5      0.92126    
    9531.5      0.92147    
    9540.5      0.92168    
    9549.5      0.92188    
    9558.6      0.92209    
    9567.6      0.92230    
    9576.6      0.92250    
    9585.6      0.92271    
    9594.6      0.92291    
    9603.6      0.92311    
    9612.6      0.92332    
    9621.6      0.92352    
    9630.6      0.92372    
    9639.6      0.92392    
    9648.6      0.92412    
    9657.7      0.92432    
    9666.7      0.92452    
    9675.7      0.92472    
    9684.7      0.92492    
    9693.7      0.92511    
    9702.7      0.92531    
    9711.7      0.92550    
    9720.7      0.92570    
    9729.7      0.92589    
    9738.7      0.92609    
    9747.7      0.92628    
    9756.8      0.92647    
    9765.8      0.92666    
    9774.8      0.92685    
    9783.8      0.92704    
    9792.8      0.92723    
    9801.8      0.92742    
    9810.8      0.92761    
    9819.8      0.92780    
    9828.8      0.92798    
    9837.8      0.92817    
    9846.8      0.92836    
    9855.9      0.92854    
    9864.9      0.92872    
    9873.9      0.92891    
    9882.9      0.92909    
    9891.9      0.92927    
    9900.9      0.92946    
    9909.9      0.92964    
    9918.9      0.92982    
    9927.9      0.93000    
    9936.9      0.93018    
    9945.9      0.93036    
    9955.0      0.93053    
    9964.0      0.93071    
    9973.0      0.93089    
    9982.0      0.93107    
    9991.0      0.93124    
    10000.      0.93142    