Si Rho=2.33, Sig=0.nm, P=0., 1.deg
 Photon energy (eV), Reflectivity
   1000.00  0.888806
   1006.01  0.888930
   1012.01  0.889047
   1018.02  0.889155
   1024.02  0.889253
   1030.03  0.889342
   1036.04  0.889423
   1042.04  0.889493
   1048.05  0.889554
   1054.05  0.889606
   1060.06  0.889645
   1066.07  0.889678
   1072.07  0.889697
   1078.08  0.889705
   1084.08  0.889706
   1090.09  0.889620
   1096.10  0.889501
   1102.10  0.889375
   1108.11  0.889192
   1114.11  0.888988
   1120.12  0.888779
   1126.13  0.888562
   1132.13  0.888337
   1138.14  0.888103
   1144.14  0.887859
   1150.15  0.887606
   1156.16  0.887342
   1162.16  0.887068
   1168.17  0.886782
   1174.17  0.886485
   1180.18  0.886177
   1186.19  0.885859
   1192.19  0.885528
   1198.20  0.885187
   1204.20  0.884831
   1210.21  0.884463
   1216.22  0.884083
   1222.22  0.883687
   1228.23  0.883277
   1234.23  0.882854
   1240.24  0.882411
   1246.25  0.881952
   1252.25  0.881479
   1258.26  0.880986
   1264.26  0.880473
   1270.27  0.879944
   1276.28  0.879395
   1282.28  0.878823
   1288.29  0.878231
   1294.29  0.877621
   1300.30  0.876986
   1306.31  0.876332
   1312.31  0.875654
   1318.32  0.874949
   1324.32  0.874214
   1330.33  0.873451
   1336.34  0.872661
   1342.34  0.871834
   1348.35  0.870975
   1354.35  0.870085
   1360.36  0.869157
   1366.37  0.868183
   1372.37  0.867172
   1378.38  0.866121
   1384.38  0.865021
   1390.39  0.863870
   1396.40  0.862673
   1402.40  0.861426
   1408.41  0.860110
   1414.41  0.858734
   1420.42  0.857297
   1426.43  0.855795
   1432.43  0.854199
   1438.44  0.852528
   1444.44  0.850777
   1450.45  0.848931
   1456.46  0.846962
   1462.46  0.844890
   1468.47  0.842707
   1474.47  0.840386
   1480.48  0.837898
   1486.49  0.835262
   1492.49  0.832463
   1498.50  0.829479
   1504.50  0.826281
   1510.51  0.822858
   1516.52  0.819182
   1522.52  0.815192
   1528.53  0.810807
   1534.53  0.806045
   1540.54  0.800854
   1546.55  0.795132
   1552.55  0.788696
   1558.56  0.781557
   1564.56  0.773585
   1570.57  0.764600
   1576.58  0.754113
   1582.58  0.742082
   1588.59  0.728140
   1594.59  0.711823
   1600.60  0.691991
   1606.61  0.668234
   1612.61  0.639998
   1618.62  0.607064
   1624.62  0.569390
   1630.63  0.528946
   1636.64  0.488998
   1642.64  0.451568
   1648.65  0.417331
   1654.65  0.385637
   1660.66  0.357593
   1666.67  0.332751
   1672.67  0.310661
   1678.68  0.290049
   1684.68  0.271335
   1690.69  0.254532
   1696.70  0.239365
   1702.70  0.225345
   1708.71  0.211773
   1714.71  0.199443
   1720.72  0.188192
   1726.73  0.177888
   1732.73  0.167619
   1738.74  0.157807
   1744.74  0.148813
   1750.75  0.140543
   1756.76  0.132917
   1762.76  0.124303
   1768.77  0.116420
   1774.77  0.109196
   1780.78  0.102558
   1786.79  9.566617E-02
   1792.79  8.733168E-02
   1798.80  7.986185E-02
   1804.80  7.314190E-02
   1810.81  6.707470E-02
   1816.82  5.213303E-02
   1822.82  2.768974E-02
   1828.83  1.368559E-02
   1834.83  5.790771E-03
   1840.84  4.241038E-02
   1846.85  4.671734E-02
   1852.85  5.137185E-02
   1858.86  5.639394E-02
   1864.86  5.957405E-02
   1870.87  6.234496E-02
   1876.88  6.520125E-02
   1882.88  6.814313E-02
   1888.89  7.117169E-02
   1894.90  7.262702E-02
   1900.90  7.367703E-02
   1906.91  7.472373E-02
   1912.91  7.576624E-02
   1918.92  7.680409E-02
   1924.93  7.729772E-02
   1930.93  7.756399E-02
   1936.94  7.782017E-02
   1942.94  7.806631E-02
   1948.95  7.830243E-02
   1954.96  7.831844E-02
   1960.96  7.814745E-02
   1966.97  7.796989E-02
   1972.97  7.778632E-02
   1978.98  7.759649E-02
   1984.99  7.733542E-02
   1990.99  7.690503E-02
   1997.00  7.647309E-02
   2003.00  7.603963E-02
   2009.01  7.560504E-02
   2015.02  7.516922E-02
   2021.02  7.459304E-02
   2027.03  7.401047E-02
   2033.03  7.343064E-02
   2039.04  7.285357E-02
   2045.05  7.227942E-02
   2051.05  7.165617E-02
   2057.06  7.098906E-02
   2063.06  7.032781E-02
   2069.07  6.967227E-02
   2075.08  6.902266E-02
   2081.08  6.837901E-02
   2087.09  6.766937E-02
   2093.09  6.696755E-02
   2099.10  6.627382E-02
   2105.10  6.558795E-02
   2111.11  6.490992E-02
   2117.12  6.421825E-02
   2123.12  6.350237E-02
   2129.13  6.279583E-02
   2135.14  6.209858E-02
   2141.14  6.141059E-02
   2147.15  6.073169E-02
   2153.15  6.003317E-02
   2159.16  5.933248E-02
   2165.17  5.864190E-02
   2171.17  5.796115E-02
   2177.18  5.729024E-02
   2183.18  5.662899E-02
   2189.19  5.594958E-02
   2195.20  5.527777E-02
   2201.20  5.461618E-02
   2207.21  5.396469E-02
   2213.21  5.332308E-02
   2219.22  5.269044E-02
   2225.23  5.204490E-02
   2231.23  5.140949E-02
   2237.24  5.078415E-02
   2243.24  5.016863E-02
   2249.25  4.956280E-02
   2255.26  4.896539E-02
   2261.26  4.836034E-02
   2267.27  4.776503E-02
   2273.27  4.717928E-02
   2279.28  4.660296E-02
   2285.29  4.603587E-02
   2291.29  4.547779E-02
   2297.30  4.491522E-02
   2303.30  4.436159E-02
   2309.31  4.381696E-02
   2315.32  4.328112E-02
   2321.32  4.275398E-02
   2327.33  4.223531E-02
   2333.33  4.171564E-02
   2339.34  4.120228E-02
   2345.35  4.069735E-02
   2351.35  4.020058E-02
   2357.36  3.971190E-02
   2363.36  3.923110E-02
   2369.37  3.875317E-02
   2375.38  3.827897E-02
   2381.38  3.781248E-02
   2387.39  3.735357E-02
   2393.39  3.690208E-02
   2399.40  3.645787E-02
   2405.41  3.601954E-02
   2411.41  3.558224E-02
   2417.42  3.515205E-02
   2423.42  3.472880E-02
   2429.43  3.431234E-02
   2435.44  3.390258E-02
   2441.44  3.349934E-02
   2447.45  3.309846E-02
   2453.45  3.270225E-02
   2459.46  3.231238E-02
   2465.47  3.192875E-02
   2471.47  3.155118E-02
   2477.48  3.117960E-02
   2483.48  3.081334E-02
   2489.49  3.044862E-02
   2495.50  3.008972E-02
   2501.50  2.973648E-02
   2507.51  2.938877E-02
   2513.51  2.904649E-02
   2519.52  2.870957E-02
   2525.53  2.837623E-02
   2531.53  2.804591E-02
   2537.54  2.772076E-02
   2543.54  2.740062E-02
   2549.55  2.708544E-02
   2555.56  2.677510E-02
   2561.56  2.646953E-02
   2567.57  2.616661E-02
   2573.57  2.586719E-02
   2579.58  2.557235E-02
   2585.59  2.528199E-02
   2591.59  2.499606E-02
   2597.60  2.471445E-02
   2603.60  2.443706E-02
   2609.61  2.416185E-02
   2615.62  2.389004E-02
   2621.62  2.362233E-02
   2627.63  2.335862E-02
   2633.63  2.309883E-02
   2639.64  2.284292E-02
   2645.65  2.259077E-02
   2651.65  2.234085E-02
   2657.66  2.209402E-02
   2663.66  2.185085E-02
   2669.67  2.161123E-02
   2675.68  2.137512E-02
   2681.68  2.114244E-02
   2687.69  2.091313E-02
   2693.69  2.068610E-02
   2699.70  2.046161E-02
   2705.71  2.024038E-02
   2711.71  2.002231E-02
   2717.72  1.980739E-02
   2723.72  1.959554E-02
   2729.73  1.938670E-02
   2735.74  1.918031E-02
   2741.74  1.897586E-02
   2747.75  1.877432E-02
   2753.75  1.857561E-02
   2759.76  1.837971E-02
   2765.77  1.818654E-02
   2771.77  1.799610E-02
   2777.78  1.780827E-02
   2783.78  1.762184E-02
   2789.79  1.743795E-02
   2795.80  1.725663E-02
   2801.80  1.707780E-02
   2807.81  1.690143E-02
   2813.81  1.672747E-02
   2819.82  1.655589E-02
   2825.83  1.638614E-02
   2831.83  1.621817E-02
   2837.84  1.605250E-02
   2843.84  1.588906E-02
   2849.85  1.572782E-02
   2855.86  1.556876E-02
   2861.86  1.541183E-02
   2867.87  1.525699E-02
   2873.87  1.510340E-02
   2879.88  1.495179E-02
   2885.89  1.480218E-02
   2891.89  1.465456E-02
   2897.90  1.450888E-02
   2903.90  1.436512E-02
   2909.91  1.422323E-02
   2915.92  1.408306E-02
   2921.92  1.394409E-02
   2927.93  1.380694E-02
   2933.93  1.367155E-02
   2939.94  1.353793E-02
   2945.95  1.340602E-02
   2951.95  1.327580E-02
   2957.96  1.314726E-02
   2963.96  1.302018E-02
   2969.97  1.289431E-02
   2975.98  1.277007E-02
   2981.98  1.264739E-02
   2987.99  1.252628E-02
   2993.99  1.240667E-02
   3000.00  1.228859E-02
   3006.01  1.217197E-02
   3012.01  1.205664E-02
   3018.02  1.194241E-02
   3024.02  1.182960E-02
   3030.03  1.171817E-02
   3036.04  1.160815E-02
   3042.04  1.149948E-02
   3048.05  1.139214E-02
   3054.05  1.128611E-02
   3060.06  1.118129E-02
   3066.07  1.107740E-02
   3072.07  1.097476E-02
   3078.08  1.087338E-02
   3084.08  1.077324E-02
   3090.09  1.067430E-02
   3096.10  1.057656E-02
   3102.10  1.047999E-02
   3108.11  1.038458E-02
   3114.11  1.028991E-02
   3120.12  1.019639E-02
   3126.13  1.010398E-02
   3132.13  1.001266E-02
   3138.14  9.922424E-03
   3144.14  9.833247E-03
   3150.15  9.745138E-03
   3156.16  9.658041E-03
   3162.16  9.571771E-03
   3168.17  9.486386E-03
   3174.17  9.401991E-03
   3180.18  9.318594E-03
   3186.19  9.236146E-03
   3192.19  9.154658E-03
   3198.20  9.074110E-03
   3204.20  8.994482E-03
   3210.21  8.915748E-03
   3216.22  8.837695E-03
   3222.22  8.760532E-03
   3228.23  8.684254E-03
   3234.23  8.608835E-03
   3240.24  8.534291E-03
   3246.25  8.460568E-03
   3252.25  8.387681E-03
   3258.26  8.315616E-03
   3264.26  8.244246E-03
   3270.27  8.173570E-03
   3276.28  8.103676E-03
   3282.28  8.034560E-03
   3288.29  7.966219E-03
   3294.29  7.898635E-03
   3300.30  7.831796E-03
   3306.31  7.765698E-03
   3312.31  7.700324E-03
   3318.32  7.635510E-03
   3324.32  7.571350E-03
   3330.33  7.507885E-03
   3336.34  7.445114E-03
   3342.34  7.383020E-03
   3348.35  7.321603E-03
   3354.35  7.260857E-03
   3360.36  7.200758E-03
   3366.37  7.141317E-03
   3372.37  7.082383E-03
   3378.38  7.024056E-03
   3384.38  6.966339E-03
   3390.39  6.909247E-03
   3396.40  6.852762E-03
   3402.40  6.796876E-03
   3408.41  6.741581E-03
   3414.41  6.686874E-03
   3420.42  6.632739E-03
   3426.43  6.579075E-03
   3432.43  6.525927E-03
   3438.44  6.473347E-03
   3444.44  6.421307E-03
   3450.45  6.369815E-03
   3456.46  6.318855E-03
   3462.46  6.268421E-03
   3468.47  6.218513E-03
   3474.47  6.169118E-03
   3480.48  6.120181E-03
   3486.49  6.071677E-03
   3492.49  6.023671E-03
   3498.50  5.976162E-03
   3504.50  5.929133E-03
   3510.51  5.882589E-03
   3516.52  5.836511E-03
   3522.52  5.790909E-03
   3528.53  5.745763E-03
   3534.53  5.701054E-03
   3540.54  5.656724E-03
   3546.55  5.612828E-03
   3552.55  5.569377E-03
   3558.56  5.526364E-03
   3564.56  5.483779E-03
   3570.57  5.441616E-03
   3576.58  5.399872E-03
   3582.58  5.358544E-03
   3588.59  5.317627E-03
   3594.59  5.277047E-03
   3600.60  5.236848E-03
   3606.61  5.197034E-03
   3612.61  5.157617E-03
   3618.62  5.118584E-03
   3624.62  5.079931E-03
   3630.63  5.041658E-03
   3636.64  5.003748E-03
   3642.64  4.966215E-03
   3648.65  4.929045E-03
   3654.65  4.892162E-03
   3660.66  4.855632E-03
   3666.67  4.819456E-03
   3672.67  4.783629E-03
   3678.68  4.748141E-03
   3684.68  4.712990E-03
   3690.69  4.678180E-03
   3696.70  4.643699E-03
   3702.70  4.609548E-03
   3708.71  4.575714E-03
   3714.71  4.542135E-03
   3720.72  4.508879E-03
   3726.73  4.475932E-03
   3732.73  4.443300E-03
   3738.74  4.410972E-03
   3744.74  4.378942E-03
   3750.75  4.347219E-03
   3756.76  4.315786E-03
   3762.76  4.284651E-03
   3768.77  4.253798E-03
   3774.77  4.223182E-03
   3780.78  4.192847E-03
   3786.79  4.162800E-03
   3792.79  4.133021E-03
   3798.80  4.103521E-03
   3804.80  4.074285E-03
   3810.81  4.045328E-03
   3816.82  4.016626E-03
   3822.82  3.988193E-03
   3828.83  3.960016E-03
   3834.83  3.932048E-03
   3840.84  3.904339E-03
   3846.85  3.876879E-03
   3852.85  3.849666E-03
   3858.86  3.822701E-03
   3864.86  3.795976E-03
   3870.87  3.769490E-03
   3876.88  3.743244E-03
   3882.88  3.717231E-03
   3888.89  3.691452E-03
   3894.90  3.665869E-03
   3900.90  3.640503E-03
   3906.91  3.615364E-03
   3912.91  3.590438E-03
   3918.92  3.565745E-03
   3924.93  3.541264E-03
   3930.93  3.516995E-03
   3936.94  3.492943E-03
   3942.94  3.469101E-03
   3948.95  3.445472E-03
   3954.96  3.422037E-03
   3960.96  3.398787E-03
   3966.97  3.375734E-03
   3972.97  3.352885E-03
   3978.98  3.330239E-03
   3984.99  3.307783E-03
   3990.99  3.285519E-03
   3997.00  3.263453E-03
   4003.00  3.241567E-03
   4009.01  3.219880E-03
   4015.02  3.198373E-03
   4021.02  3.177039E-03
   4027.03  3.155872E-03
   4033.03  3.134883E-03
   4039.04  3.114079E-03
   4045.05  3.093447E-03
   4051.05  3.072990E-03
   4057.06  3.052713E-03
   4063.06  3.032597E-03
   4069.07  3.012653E-03
   4075.08  2.992882E-03
   4081.08  2.973274E-03
   4087.09  2.953805E-03
   4093.09  2.934504E-03
   4099.10  2.915357E-03
   4105.11  2.896371E-03
   4111.11  2.877543E-03
   4117.12  2.858874E-03
   4123.12  2.840362E-03
   4129.13  2.821998E-03
   4135.14  2.803790E-03
   4141.14  2.785722E-03
   4147.15  2.767815E-03
   4153.15  2.750034E-03
   4159.16  2.732393E-03
   4165.17  2.714894E-03
   4171.17  2.697539E-03
   4177.18  2.680332E-03
   4183.18  2.663253E-03
   4189.19  2.646327E-03
   4195.20  2.629529E-03
   4201.20  2.612868E-03
   4207.21  2.596345E-03
   4213.21  2.579953E-03
   4219.22  2.563685E-03
   4225.23  2.547551E-03
   4231.23  2.531539E-03
   4237.24  2.515650E-03
   4243.24  2.499898E-03
   4249.25  2.484266E-03
   4255.26  2.468760E-03
   4261.26  2.453376E-03
   4267.27  2.438112E-03
   4273.27  2.422976E-03
   4279.28  2.407955E-03
   4285.29  2.393056E-03
   4291.29  2.378253E-03
   4297.30  2.363571E-03
   4303.30  2.349007E-03
   4309.31  2.334551E-03
   4315.32  2.320211E-03
   4321.32  2.305984E-03
   4327.33  2.291872E-03
   4333.33  2.277864E-03
   4339.34  2.263966E-03
   4345.35  2.250181E-03
   4351.35  2.236498E-03
   4357.36  2.222912E-03
   4363.36  2.209432E-03
   4369.37  2.196053E-03
   4375.38  2.182773E-03
   4381.38  2.169597E-03
   4387.39  2.156526E-03
   4393.39  2.143554E-03
   4399.40  2.130678E-03
   4405.41  2.117904E-03
   4411.41  2.105227E-03
   4417.42  2.092644E-03
   4423.42  2.080158E-03
   4429.43  2.067759E-03
   4435.44  2.055455E-03
   4441.44  2.043246E-03
   4447.45  2.031128E-03
   4453.45  2.019097E-03
   4459.46  2.007158E-03
   4465.47  1.995314E-03
   4471.47  1.983557E-03
   4477.48  1.971885E-03
   4483.48  1.960302E-03
   4489.49  1.948808E-03
   4495.50  1.937398E-03
   4501.50  1.926061E-03
   4507.51  1.914810E-03
   4513.51  1.903637E-03
   4519.52  1.892550E-03
   4525.53  1.881550E-03
   4531.53  1.870620E-03
   4537.54  1.859780E-03
   4543.54  1.849015E-03
   4549.55  1.838334E-03
   4555.56  1.827726E-03
   4561.56  1.817203E-03
   4567.57  1.806752E-03
   4573.57  1.796373E-03
   4579.58  1.786066E-03
   4585.59  1.775836E-03
   4591.59  1.765682E-03
   4597.60  1.755599E-03
   4603.60  1.745597E-03
   4609.61  1.735658E-03
   4615.62  1.725800E-03
   4621.62  1.716006E-03
   4627.63  1.706275E-03
   4633.63  1.696628E-03
   4639.64  1.687043E-03
   4645.65  1.677527E-03
   4651.65  1.668078E-03
   4657.66  1.658691E-03
   4663.66  1.649375E-03
   4669.67  1.640125E-03
   4675.68  1.630936E-03
   4681.68  1.621818E-03
   4687.69  1.612765E-03
   4693.69  1.603772E-03
   4699.70  1.594847E-03
   4705.71  1.585982E-03
   4711.71  1.577181E-03
   4717.72  1.568439E-03
   4723.72  1.559759E-03
   4729.73  1.551133E-03
   4735.74  1.542573E-03
   4741.74  1.534072E-03
   4747.75  1.525627E-03
   4753.75  1.517244E-03
   4759.76  1.508922E-03
   4765.77  1.500652E-03
   4771.77  1.492442E-03
   4777.78  1.484287E-03
   4783.78  1.476188E-03
   4789.79  1.468152E-03
   4795.80  1.460163E-03
   4801.80  1.452228E-03
   4807.81  1.444347E-03
   4813.81  1.436515E-03
   4819.82  1.428742E-03
   4825.83  1.421025E-03
   4831.83  1.413354E-03
   4837.84  1.405740E-03
   4843.84  1.398177E-03
   4849.85  1.390667E-03
   4855.86  1.383209E-03
   4861.86  1.375794E-03
   4867.87  1.368434E-03
   4873.87  1.361126E-03
   4879.88  1.353864E-03
   4885.89  1.346653E-03
   4891.89  1.339487E-03
   4897.90  1.332372E-03
   4903.90  1.325306E-03
   4909.91  1.318283E-03
   4915.92  1.311311E-03
   4921.92  1.304385E-03
   4927.93  1.297505E-03
   4933.93  1.290671E-03
   4939.94  1.283883E-03
   4945.95  1.277138E-03
   4951.95  1.270441E-03
   4957.96  1.263779E-03
   4963.96  1.257165E-03
   4969.97  1.250598E-03
   4975.98  1.244070E-03
   4981.98  1.237588E-03
   4987.99  1.231149E-03
   4993.99  1.224751E-03
   5000.00  1.218392E-03
   5006.01  1.212078E-03
   5012.01  1.205807E-03
   5018.02  1.199576E-03
   5024.02  1.193382E-03
   5030.03  1.187234E-03
   5036.04  1.181118E-03
   5042.04  1.175043E-03
   5048.05  1.169008E-03
   5054.05  1.163013E-03
   5060.06  1.157054E-03
   5066.07  1.151139E-03
   5072.07  1.145255E-03
   5078.08  1.139415E-03
   5084.08  1.133610E-03
   5090.09  1.127844E-03
   5096.10  1.122113E-03
   5102.10  1.116425E-03
   5108.11  1.110766E-03
   5114.11  1.105143E-03
   5120.12  1.099557E-03
   5126.13  1.094010E-03
   5132.13  1.088492E-03
   5138.14  1.083016E-03
   5144.14  1.077573E-03
   5150.15  1.072160E-03
   5156.16  1.066788E-03
   5162.16  1.061445E-03
   5168.17  1.056138E-03
   5174.17  1.050865E-03
   5180.18  1.045623E-03
   5186.19  1.040418E-03
   5192.19  1.035238E-03
   5198.20  1.030097E-03
   5204.20  1.024985E-03
   5210.21  1.019904E-03
   5216.22  1.014855E-03
   5222.22  1.009834E-03
   5228.23  1.004848E-03
   5234.23  9.998968E-04
   5240.24  9.949730E-04
   5246.25  9.900765E-04
   5252.25  9.852140E-04
   5258.26  9.803824E-04
   5264.26  9.755777E-04
   5270.27  9.708033E-04
   5276.28  9.660625E-04
   5282.28  9.613447E-04
   5288.29  9.566604E-04
   5294.29  9.520025E-04
   5300.30  9.473704E-04
   5306.31  9.427715E-04
   5312.31  9.381984E-04
   5318.32  9.336547E-04
   5324.32  9.291362E-04
   5330.33  9.246472E-04
   5336.34  9.201900E-04
   5342.34  9.157548E-04
   5348.35  9.113479E-04
   5354.35  9.069663E-04
   5360.36  9.026129E-04
   5366.37  8.982840E-04
   5372.37  8.939834E-04
   5378.38  8.897041E-04
   5384.38  8.854559E-04
   5390.39  8.812320E-04
   5396.40  8.770322E-04
   5402.40  8.728564E-04
   5408.41  8.687080E-04
   5414.41  8.645866E-04
   5420.42  8.604859E-04
   5426.43  8.564118E-04
   5432.43  8.523583E-04
   5438.44  8.483345E-04
   5444.44  8.443309E-04
   5450.45  8.403503E-04
   5456.46  8.363994E-04
   5462.46  8.324618E-04
   5468.47  8.285569E-04
   5474.47  8.246681E-04
   5480.48  8.208054E-04
   5486.49  8.169617E-04
   5492.49  8.131439E-04
   5498.50  8.093519E-04
   5504.50  8.055788E-04
   5510.51  8.018276E-04
   5516.52  7.980987E-04
   5522.52  7.943918E-04
   5528.53  7.907068E-04
   5534.53  7.870403E-04
   5540.54  7.833988E-04
   5546.55  7.797788E-04
   5552.55  7.761802E-04
   5558.56  7.725967E-04
   5564.56  7.690375E-04
   5570.57  7.654999E-04
   5576.58  7.619832E-04
   5582.58  7.584845E-04
   5588.59  7.550097E-04
   5594.59  7.515525E-04
   5600.60  7.481164E-04
   5606.61  7.446978E-04
   5612.61  7.413027E-04
   5618.62  7.379221E-04
   5624.62  7.345648E-04
   5630.63  7.312248E-04
   5636.64  7.279021E-04
   5642.64  7.245995E-04
   5648.65  7.213170E-04
   5654.65  7.180542E-04
   5660.66  7.148055E-04
   5666.67  7.115797E-04
   5672.67  7.083704E-04
   5678.68  7.051778E-04
   5684.69  7.020049E-04
   5690.69  6.988513E-04
   5696.70  6.957142E-04
   5702.70  6.925935E-04
   5708.71  6.894950E-04
   5714.71  6.864095E-04
   5720.72  6.833434E-04
   5726.73  6.802932E-04
   5732.73  6.772590E-04
   5738.74  6.742465E-04
   5744.75  6.712470E-04
   5750.75  6.682664E-04
   5756.76  6.653012E-04
   5762.76  6.623547E-04
   5768.77  6.594209E-04
   5774.77  6.565053E-04
   5780.78  6.536054E-04
   5786.79  6.507235E-04
   5792.79  6.478571E-04
   5798.80  6.450058E-04
   5804.81  6.421697E-04
   5810.81  6.393489E-04
   5816.82  6.365459E-04
   5822.82  6.337549E-04
   5828.83  6.309815E-04
   5834.83  6.282206E-04
   5840.84  6.254771E-04
   5846.85  6.227484E-04
   5852.85  6.200341E-04
   5858.86  6.173374E-04
   5864.87  6.146554E-04
   5870.87  6.119822E-04
   5876.88  6.093289E-04
   5882.88  6.066873E-04
   5888.89  6.040627E-04
   5894.90  6.014524E-04
   5900.90  5.988536E-04
   5906.91  5.962715E-04
   5912.91  5.937009E-04
   5918.92  5.911470E-04
   5924.93  5.886043E-04
   5930.93  5.860782E-04
   5936.94  5.835633E-04
   5942.94  5.810649E-04
   5948.95  5.785776E-04
   5954.96  5.761037E-04
   5960.96  5.736437E-04
   5966.97  5.711971E-04
   5972.97  5.687616E-04
   5978.98  5.663419E-04
   5984.99  5.639358E-04
   5990.99  5.615405E-04
   5997.00  5.591583E-04
   6003.00  5.567894E-04
   6009.01  5.544311E-04
   6015.02  5.520859E-04
   6021.02  5.497538E-04
   6027.03  5.474347E-04
   6033.03  5.451261E-04
   6039.04  5.428303E-04
   6045.05  5.405475E-04
   6051.05  5.382775E-04
   6057.06  5.360177E-04
   6063.06  5.337732E-04
   6069.07  5.315364E-04
   6075.08  5.293146E-04
   6081.08  5.271029E-04
   6087.09  5.249012E-04
   6093.09  5.227144E-04
   6099.10  5.205377E-04
   6105.11  5.183708E-04
   6111.11  5.162162E-04
   6117.12  5.140740E-04
   6123.12  5.119414E-04
   6129.13  5.098212E-04
   6135.14  5.077129E-04
   6141.14  5.056145E-04
   6147.15  5.035255E-04
   6153.15  5.014485E-04
   6159.16  4.993837E-04
   6165.17  4.973282E-04
   6171.17  4.952820E-04
   6177.18  4.932478E-04
   6183.18  4.912254E-04
   6189.19  4.892123E-04
   6195.20  4.872083E-04
   6201.20  4.852162E-04
   6207.21  4.832356E-04
   6213.21  4.812617E-04
   6219.22  4.792994E-04
   6225.23  4.773462E-04
   6231.23  4.754044E-04
   6237.24  4.734717E-04
   6243.24  4.715503E-04
   6249.25  4.696378E-04
   6255.26  4.677343E-04
   6261.26  4.658420E-04
   6267.27  4.639585E-04
   6273.27  4.620838E-04
   6279.28  4.602202E-04
   6285.29  4.583654E-04
   6291.29  4.565193E-04
   6297.30  4.546818E-04
   6303.30  4.528577E-04
   6309.31  4.510396E-04
   6315.32  4.492326E-04
   6321.32  4.474293E-04
   6327.33  4.456416E-04
   6333.33  4.438624E-04
   6339.34  4.420869E-04
   6345.35  4.403244E-04
   6351.35  4.385702E-04
   6357.36  4.368243E-04
   6363.36  4.350869E-04
   6369.37  4.333575E-04
   6375.38  4.316365E-04
   6381.38  4.299236E-04
   6387.39  4.282234E-04
   6393.39  4.265269E-04
   6399.40  4.248407E-04
   6405.41  4.231626E-04
   6411.41  4.214947E-04
   6417.42  4.198304E-04
   6423.42  4.181786E-04
   6429.43  4.165346E-04
   6435.44  4.148964E-04
   6441.44  4.132683E-04
   6447.45  4.116480E-04
   6453.45  4.100357E-04
   6459.46  4.084310E-04
   6465.47  4.068342E-04
   6471.47  4.052472E-04
   6477.48  4.036659E-04
   6483.48  4.020922E-04
   6489.49  4.005260E-04
   6495.50  3.989699E-04
   6501.50  3.974168E-04
   6507.51  3.958757E-04
   6513.51  3.943400E-04
   6519.52  3.928139E-04
   6525.53  3.912932E-04
   6531.53  3.897799E-04
   6537.54  3.882741E-04
   6543.54  3.867756E-04
   6549.55  3.852846E-04
   6555.56  3.838009E-04
   6561.56  3.823245E-04
   6567.57  3.808554E-04
   6573.57  3.793936E-04
   6579.58  3.779368E-04
   6585.59  3.764894E-04
   6591.59  3.750472E-04
   6597.60  3.736141E-04
   6603.60  3.721862E-04
   6609.61  3.707654E-04
   6615.62  3.693515E-04
   6621.62  3.679448E-04
   6627.63  3.665452E-04
   6633.63  3.651524E-04
   6639.64  3.637647E-04
   6645.65  3.623861E-04
   6651.65  3.610122E-04
   6657.66  3.596453E-04
   6663.66  3.582831E-04
   6669.67  3.569299E-04
   6675.68  3.555814E-04
   6681.68  3.542399E-04
   6687.69  3.529051E-04
   6693.69  3.515771E-04
   6699.70  3.502538E-04
   6705.71  3.489373E-04
   6711.71  3.476273E-04
   6717.72  3.463241E-04
   6723.72  3.450256E-04
   6729.73  3.437356E-04
   6735.74  3.424504E-04
   6741.74  3.411715E-04
   6747.75  3.398954E-04
   6753.75  3.386297E-04
   6759.76  3.373685E-04
   6765.77  3.361119E-04
   6771.77  3.348617E-04
   6777.78  3.336181E-04
   6783.78  3.323808E-04
   6789.79  3.311479E-04
   6795.80  3.299215E-04
   6801.80  3.287014E-04
   6807.81  3.274858E-04
   6813.81  3.262763E-04
   6819.82  3.250732E-04
   6825.83  3.238745E-04
   6831.83  3.226819E-04
   6837.84  3.214938E-04
   6843.84  3.203118E-04
   6849.85  3.191341E-04
   6855.86  3.179644E-04
   6861.86  3.167990E-04
   6867.87  3.156379E-04
   6873.87  3.144829E-04
   6879.88  3.133339E-04
   6885.89  3.121891E-04
   6891.89  3.110504E-04
   6897.90  3.099158E-04
   6903.90  3.087872E-04
   6909.91  3.076627E-04
   6915.92  3.065460E-04
   6921.92  3.054316E-04
   6927.93  3.043231E-04
   6933.93  3.032206E-04
   6939.94  3.021220E-04
   6945.95  3.010293E-04
   6951.95  2.999406E-04
   6957.96  2.988558E-04
   6963.96  2.977789E-04
   6969.97  2.967058E-04
   6975.98  2.956366E-04
   6981.98  2.945713E-04
   6987.99  2.935138E-04
   6993.99  2.924600E-04
   7000.00  2.914102E-04
